15,89,92,1
85,74,73,1
28,33,81,2
91,29,63,3
53,94,50,2
56,35,64,2
55,72,41,3
41,55,21,2
55,91,0,3
21,52,78,2
57,54,69,2
62,78,82,1
5,52,71,2
13,14,53,1
62,4,59,2
35,49,79,3
49,33,28,3
63,76,33,3
77,61,82,3
98,84,82,1
7,57,18,1
65,23,11,1
24,79,48,2
59,46,5,1
10,20,14,1
33,43,39,1
81,97,14,1
64,85,3,2
34,57,60,2
8,79,59,3
43,77,42,3
11,44,96,2
21,17,69,3
90,0,92,3
20,31,25,1
50,48,98,3
92,41,45,1
51,26,76,2
87,65,42,2
37,94,6,2
62,39,74,1
84,87,39,3
55,76,63,3
27,3,64,3
77,72,84,1
96,74,2,3
34,72,81,3
40,92,78,3
53,31,32,2
67,20,33,2
71,1,67,1
78,5,36,2
54,91,41,1
29,96,25,3
53,89,94,3
21,31,46,2
20,5,79,1
35,65,41,1
92,4,72,2
38,77,27,1
16,82,58,1
81,76,4,2
38,12,96,1
16,2,73,2
95,30,73,2
40,80,48,2
28,20,63,1
79,0,35,2
78,24,50,1
26,53,74,1
36,2,43,2
15,92,25,2
92,37,91,3
73,36,68,2
87,13,86,2
42,57,90,1
36,31,69,3
35,41,25,1
37,44,26,3
39,93,42,2
34,36,50,1
28,58,42,2
47,69,60,1
42,73,32,2
11,93,61,2
14,53,40,2
70,97,89,3
93,36,77,3
2,54,86,3
2,98,8,3
91,77,54,3
8,94,54,2
27,20,60,1
13,58,82,2
57,89,5,2
46,82,81,2
16,73,66,2
72,55,90,2
50,96,2,1
9,72,4,2
48,93,61,2
10,41,9,3
60,0,49,2
14,79,66,3
21,88,42,2
42,21,52,3
61,80,81,2
56,21,90,2
21,83,69,1
57,58,96,2
49,14,71,1
33,64,6,3
52,89,73,3
27,84,28,1
74,10,26,2
82,20,37,1
87,63,95,1
72,59,35,3
84,15,28,1
95,99,43,2
79,20,49,2
4,31,9,2
11,54,72,1
62,89,0,2
24,92,44,2
98,18,25,2
87,91,47,3
51,8,79,2
59,41,99,3
26,43,89,2
38,92,60,3
42,17,24,3
78,69,25,2
14,47,63,1
43,6,50,2
34,82,10,2
43,1,19,1
58,97,52,3
16,12,14,3
25,41,70,3
20,73,85,2
93,45,34,1
1,47,53,2
71,49,57,3
30,31,76,1
68,65,91,1
93,47,46,1
95,97,82,3
5,61,48,1
82,85,14,3
81,88,89,2
52,28,2,3
20,24,98,3
23,60,53,1
94,64,3,2
78,43,28,3
92,91,34,3
17,44,96,3
94,9,90,1
19,24,12,3
9,70,73,1
53,22,58,1
10,82,88,2
74,19,60,2
52,79,35,2
53,55,77,1
83,0,24,1
96,80,92,2
69,93,90,1
34,78,97,1
45,21,7,1
44,77,83,3
20,14,95,2
93,25,66,1
92,13,72,2
11,2,48,3
75,47,60,2
20,56,53,2
85,91,35,3
61,60,86,2
22,86,61,3
99,94,9,1
80,51,78,3
56,59,22,1
96,8,57,2
26,16,29,2
91,78,30,3
45,21,83,2
74,70,30,2
74,79,85,3
31,80,65,3
37,5,76,3
38,16,4,2
68,10,16,3
23,49,73,3
82,51,75,3
26,47,19,1
1,71,97,2
8,31,56,3
29,2,50,2
93,57,27,2
52,56,80,3
38,94,1,2
61,7,20,2
79,87,5,3
34,80,82,1
32,2,95,2
46,23,3,1
96,50,51,1
66,67,37,3
55,74,69,2
11,24,50,2
94,82,70,2
98,3,73,3
37,35,21,3
36,9,55,3
93,64,68,3
88,79,19,2
80,30,66,1
22,13,66,3
92,93,27,2
23,45,64,3
52,47,18,1
30,79,88,2
50,86,32,3
63,46,7,2
43,13,50,3
51,41,25,1
28,30,83,1
38,98,19,2
30,66,56,1
47,63,0,3
81,61,91,3
14,93,17,2
27,15,50,2
50,0,74,1
75,56,49,3
48,43,41,2
33,21,94,1
20,32,5,1
25,20,39,1
74,64,79,2
61,44,72,2
43,32,48,1
36,25,44,3
35,95,37,1
9,59,23,3
26,13,58,2
66,4,55,3
15,78,3,2
19,2,18,3
90,45,3,3
46,88,66,1
63,73,41,1
15,21,50,2
91,58,98,2
80,21,19,2
66,90,2,2
16,80,92,3
28,63,33,3
8,67,38,1
66,22,35,2
2,6,63,2
11,10,86,1
70,34,35,3
92,57,61,3
23,52,53,2
78,99,8,1
89,8,12,3
96,90,43,1
92,1,12,2
28,67,84,1
9,26,22,3
22,37,70,1
54,20,28,3
50,22,74,1
61,24,86,3
94,37,34,1
58,35,25,2
93,35,91,2
83,73,89,3
80,95,76,2
98,69,42,3
66,20,48,3
33,87,65,1
91,92,13,3
22,20,78,3
43,14,3,1
24,44,50,2
74,4,31,2
29,41,24,3
73,69,46,3
85,62,53,1
44,54,5,2
77,84,62,1
96,90,55,2
79,16,91,2
71,64,13,3
83,23,62,3
14,99,30,3
6,10,55,2
27,57,46,2
47,2,79,2
16,35,72,3
60,85,87,3
83,93,33,2
8,61,73,1
57,3,59,2
54,72,15,1
18,89,62,1
4,82,54,2
68,85,70,2
31,59,97,1
60,48,77,2
71,46,86,3
99,87,4,2
79,16,57,3
84,22,19,1
94,92,52,1
84,46,35,1
75,36,29,1
3,35,91,3
70,62,87,1
74,54,41,3
77,57,49,2
79,13,67,3
26,92,51,2
91,57,84,2
53,3,10,1
31,77,5,1
78,45,67,2
76,39,97,3
78,26,24,3
9,1,84,2
58,5,71,1
33,43,30,1
4,59,35,2
49,31,50,2
91,73,27,3
3,63,71,2
55,15,16,3
26,96,99,2
10,66,5,1
82,90,85,3
11,74,88,1
75,25,42,1
9,26,31,3
56,10,59,3
26,32,16,3
60,61,44,2
36,94,5,2
31,60,25,3
54,42,71,3
7,59,56,3
73,50,49,3
43,15,11,3
45,21,12,3
77,14,63,2
63,88,8,2
52,79,32,1
89,15,66,2
66,39,29,2
32,42,14,3
93,73,38,1
38,71,1,1
67,42,37,1
45,9,5,3
6,0,84,1
10,40,64,1
69,5,13,1
30,21,99,2
92,6,59,2
29,62,56,3
85,66,40,3
86,8,62,2
2,78,40,2
62,29,34,2
73,97,49,3
34,46,47,1
20,40,77,1
50,8,22,3
53,54,79,2
79,50,66,3
51,24,19,1
26,61,41,2
85,50,89,2
58,36,52,2
32,7,81,2
65,66,57,1
43,21,42,3
96,39,78,3
10,82,35,2
17,86,24,1
79,29,19,2
62,5,52,2
34,56,25,2
50,71,63,1
56,83,93,1
24,13,74,1
73,8,81,1
64,36,44,2
85,45,75,2
34,37,16,3
23,44,43,1
37,43,99,1
86,77,23,1
79,29,50,1
4,34,63,1
87,89,19,1
96,34,5,2
21,93,67,2
5,48,0,3
6,39,40,2
66,11,42,2
69,84,89,1
73,46,30,3
58,72,6,2
35,29,3,2
60,11,5,2
62,98,52,1
94,78,28,3
13,67,4,3
82,1,47,3
76,5,96,2
16,80,31,1
91,67,48,2
9,80,52,2
67,91,10,3
62,92,50,2
35,17,31,2
34,48,39,2
52,79,70,2
50,48,38,1
24,6,12,3
0,47,39,3
39,55,91,2
20,63,0,1
36,55,90,3
35,82,94,3
97,64,60,2
59,23,14,2
62,11,38,1
27,76,0,1
95,61,85,1
80,67,56,1
2,37,8,2
71,22,44,1
85,70,78,1
53,48,22,2
18,62,30,2
95,41,85,2
26,43,96,2
18,64,16,3
95,9,0,3
63,99,1,2
29,1,56,1
28,8,74,2
99,70,16,3
57,99,51,1
86,88,66,1
70,16,23,2
82,55,76,1
98,17,0,1
75,63,47,3
34,17,25,1
78,30,73,1
23,97,15,2
15,72,75,2
43,82,97,2
25,78,7,2
30,46,37,3
26,8,43,3
85,88,96,3
76,82,44,3
27,85,83,1
70,53,51,3
2,78,6,3
16,60,20,3
23,14,81,2
8,16,25,3
15,23,74,1
71,95,36,3
85,2,9,3
87,73,65,3
27,69,61,1
2,92,83,3
38,22,66,1
12,43,98,3
30,6,45,2
95,10,65,1
47,6,64,1
7,59,23,2
20,10,65,1
66,5,11,1
82,39,6,2
49,31,28,2
40,73,3,2
18,24,97,2
90,41,98,3
31,6,96,2
13,42,50,3
53,3,15,1
4,93,70,2
54,48,16,3
49,8,74,1
42,3,49,3
87,69,67,1
68,55,3,3
70,89,67,3
7,97,38,3
38,99,90,2
98,28,18,1
12,92,28,2
61,98,13,1
10,74,69,2
58,40,76,3
23,98,99,3
78,90,20,2
7,3,27,3
87,50,6,3
3,57,72,3
21,97,73,3
60,29,4,2
79,83,2,1
39,79,42,1
96,9,49,1
24,86,9,3
41,81,5,3
48,83,34,1
36,57,11,3
47,94,79,2
19,55,52,2
88,19,84,2
9,20,67,3
79,47,80,1
32,77,20,2
41,60,9,3
82,49,20,1
71,46,50,3
84,26,21,2
8,77,71,2
58,92,25,1
64,86,29,1
84,74,99,1
77,84,39,2
34,88,37,2
43,11,23,1
98,84,85,2
58,79,87,3
90,93,68,1
71,16,23,3
51,56,85,2
34,57,72,3
87,40,2,2
32,38,88,1
18,79,89,2
0,73,56,2
49,48,35,2
6,66,67,1
59,13,63,1
99,61,72,1
32,25,26,2
51,48,16,1
99,46,24,1
76,15,77,1
43,31,98,2
40,11,32,1
93,87,64,1
58,72,57,1
77,96,79,2
33,54,2,1
48,29,62,1
55,12,77,1
58,89,96,1
19,69,13,1
40,88,5,2
91,24,13,2
62,42,12,1
30,59,88,3
37,26,81,3
86,11,24,1
49,33,10,3
61,99,54,1
15,11,74,2
54,0,52,2
38,26,32,2
81,9,60,3
19,10,50,1
54,28,36,3
82,77,20,1
60,30,56,1
50,48,81,1
24,87,75,2
57,93,29,3
69,67,7,2
72,83,39,1
71,66,76,2
9,91,15,2
46,31,56,3
75,57,44,1
18,33,29,1
3,1,50,2
37,13,25,2
79,36,74,3
47,0,97,3
83,40,71,3
53,48,34,1
26,17,1,3
96,64,39,3
48,81,9,3
81,43,70,3
20,52,67,2
66,53,10,1
20,94,18,1
43,56,59,3
3,99,23,2
8,1,92,2
59,19,49,1
38,91,16,1
26,28,58,2
47,30,53,1
51,91,37,2
56,45,46,1
10,11,8,2
5,66,67,3
46,95,75,1
66,13,68,1
13,67,96,3
6,65,68,1
2,48,73,3
21,58,45,1
15,21,13,2
27,68,64,2
35,32,4,2
73,54,12,3
79,19,22,1
71,24,68,2
31,48,22,2
51,76,39,3
4,86,17,1
89,0,41,1
37,86,27,1
92,28,70,1
23,37,79,2
56,27,33,2
89,42,5,2
61,8,39,2
74,45,37,1
50,57,33,2
8,78,24,1
53,85,17,2
13,86,9,2
32,57,85,2
47,20,95,1
42,46,6,3
42,66,26,1
52,24,99,3
11,15,76,1
82,59,90,3
84,73,41,1
45,78,92,3
66,13,30,1
51,72,98,2
91,87,86,3
95,39,5,2
37,44,81,1
41,89,90,2
18,44,26,2
1,87,20,1
99,84,34,3
70,50,33,3
17,85,77,2
59,15,51,1
71,95,60,1
0,36,48,1
30,62,10,2
20,73,64,3
26,47,87,1
74,59,14,1
22,92,73,3
47,79,80,1
72,20,19,2
99,30,77,2
4,82,58,1
80,30,91,3
85,34,70,1
35,29,88,1
45,6,40,2
58,81,86,2
86,9,8,3
83,69,0,1
37,58,55,3
82,81,45,1
29,83,43,3
57,62,73,3
16,30,78,1
18,65,19,2
85,61,66,1
6,69,86,3
31,75,12,3
74,68,14,2
29,60,72,3
43,65,42,3
49,51,19,1
87,29,73,2
75,60,77,1
61,85,22,2
75,25,10,1
5,28,16,1
80,48,30,3
31,55,53,2
84,83,37,1
50,94,78,2
79,96,5,3
32,41,38,3
89,47,70,2
31,75,28,3
29,52,4,2
61,42,63,1
59,5,63,3
83,33,65,3
3,85,79,2
20,60,31,1
57,79,73,1
18,16,67,3
31,56,89,3
53,88,89,1
2,32,44,3
24,40,76,1
28,12,23,1
51,79,13,2
52,83,69,2
48,32,77,2
87,47,20,2
1,53,26,3
51,86,12,3
63,37,1,1
94,42,41,2
99,96,19,1
67,32,73,1
92,76,88,2
51,26,25,1
7,13,58,2
14,40,10,1
88,29,11,1
21,34,51,1
96,58,31,1
32,42,31,2
5,47,73,1
46,36,97,1
60,39,69,3
37,66,12,2
28,2,82,2
45,61,38,2
42,91,56,3
25,58,91,2
46,21,10,1
69,92,93,2
9,26,77,1
18,44,28,1
78,23,86,3
55,52,9,3
67,7,34,2
79,49,50,3
12,71,82,1
68,74,6,2
3,36,65,2
97,81,82,2
26,96,57,3
35,40,48,1
12,55,66,2
29,46,90,1
29,71,95,3
92,49,96,3
77,17,25,3
3,51,87,3
19,50,29,2
50,68,46,1
69,85,63,3
55,70,92,2
30,72,91,2
85,9,90,3
33,23,10,3
61,25,0,3
37,6,84,1
4,66,67,3
48,5,41,1
88,57,6,2
67,12,25,1
36,12,87,1
2,27,68,2
74,18,24,2
27,54,60,2
31,85,95,3
28,52,13,2
69,68,91,1
87,35,25,1
44,40,85,1
46,78,36,1
44,27,29,2
76,84,67,1
24,11,39,1
6,10,46,2
93,43,58,2
6,99,93,3
94,0,69,1
84,96,48,2
99,94,39,1
30,2,54,3
30,33,96,3
15,73,30,1
34,67,32,3
48,69,70,2
44,77,29,1
43,84,19,1
96,40,9,1
30,34,59,1
58,93,46,3
1,42,21,3
97,12,55,2
72,69,52,1
4,93,40,1
5,48,74,2
64,95,89,2
73,20,38,3
21,45,44,1
57,25,32,2
81,49,20,3
80,84,45,1
94,24,64,2
43,26,44,1
78,80,7,2
28,46,36,1
51,10,13,1
95,72,7,3
86,7,52,3
29,77,27,1
46,17,67,3
84,74,60,3
13,22,74,3
0,52,99,1
37,97,84,3
70,45,41,3
85,51,46,3
50,27,73,3
59,77,44,2
53,91,4,2
33,76,14,3
93,33,59,2
50,26,5,1
29,89,8,3
85,28,54,1
21,65,1,1
34,11,87,2
66,64,12,2
50,98,33,1
42,55,77,1
37,71,66,3
2,45,78,1
1,57,49,1
75,21,7,3
85,17,84,2
90,57,66,2
53,41,16,3
82,94,48,1
32,38,30,2
64,22,17,2
98,68,91,2
92,31,36,2
52,25,24,2
54,12,23,2
78,21,51,1
50,44,7,1
72,16,61,2
8,90,38,3
56,17,84,2
31,69,1,3
81,49,53,2
43,55,32,3
77,36,42,1
9,99,48,2
4,93,41,2
66,80,42,2
14,80,16,3
23,94,53,3
51,65,76,2
69,37,74,3
21,11,62,3
2,98,46,2
14,19,35,3
23,13,75,1
76,69,46,1
40,98,80,1
43,84,82,1
70,75,97,2
63,86,18,2
77,74,97,3
19,97,31,2
44,45,10,3
68,86,69,1
27,30,70,3
97,47,71,2
3,71,2,3
61,95,2,3
76,67,25,2
73,44,29,2
90,96,20,1
51,78,30,1
5,82,10,2
32,22,88,3
34,13,94,3
70,98,38,2
92,39,28,3
93,66,95,2
33,76,0,3
69,59,28,3
22,64,62,1
41,44,74,3
3,95,86,1
70,24,42,2
79,37,35,1
16,28,94,1
1,40,6,1
51,49,84,3
59,44,48,1
36,78,10,1
11,24,29,1
59,64,79,3
36,79,43,3
0,80,40,3
68,9,64,1
37,63,86,2
3,50,72,2
20,86,38,2
75,65,25,3
13,83,79,1
17,26,20,3
61,99,27,3
55,70,18,3
82,84,50,2
76,1,29,3
78,19,34,1
48,66,41,1
54,86,63,1
17,73,90,3
71,91,5,2
26,20,9,1
53,17,56,3
42,93,55,3
9,18,13,3
68,16,41,1
69,14,63,1
18,48,75,2
7,86,95,1
35,62,12,2
26,49,11,2
47,10,17,3
57,49,39,2
42,41,74,2
98,70,69,1
90,82,22,1
39,9,45,1
15,56,37,2
60,24,33,3
89,76,11,3
46,63,86,1
56,12,17,1
96,65,19,2
39,7,51,3
47,89,76,2
80,5,82,3
57,71,43,2
24,84,65,2
37,64,31,2
15,51,0,3
91,83,10,2
6,79,38,2
71,51,70,3
83,52,17,2
1,99,18,1
57,20,18,3
95,4,78,3
77,73,98,2
19,62,24,1
13,71,15,1
99,41,27,1
24,81,73,3
84,56,48,3
43,28,7,1
99,55,81,1
9,80,85,3
79,90,9,1
3,57,33,2
72,75,0,3
21,80,75,3
60,57,80,3
33,22,11,3
71,5,77,3
78,66,6,1
82,0,63,1
20,16,48,2
76,57,51,2
36,48,74,1
79,16,83,2
2,86,0,1
30,48,99,3
50,99,87,1
41,64,45,2
73,64,44,1
70,85,11,1
69,55,93,1
10,45,93,2
66,87,81,1
41,64,51,2
52,40,15,1
58,60,42,3
47,99,41,2
59,4,57,3
46,31,41,2
4,80,55,3
70,14,78,1
92,84,89,3
46,76,8,2
1,70,85,1
17,14,18,3
69,4,14,2
33,11,41,2
27,99,39,2
3,77,60,1
87,17,38,3
7,18,13,3
6,8,95,3
73,63,84,2
72,98,55,1
45,35,29,1
94,74,16,3
29,64,4,2
43,21,39,1
37,48,69,2
43,61,58,2
90,40,51,2
78,41,59,1
61,44,88,3
80,49,53,1
25,73,46,1
76,9,67,3
22,4,68,2
75,54,67,2
19,16,70,3
51,25,24,3
10,83,96,1
15,65,88,2
59,82,84,1
71,11,40,1
39,8,15,3
26,80,64,1
2,8,74,3
12,1,9,3
86,23,36,3
12,85,38,1
96,34,79,3
70,5,44,1
46,34,49,1
99,21,18,3
84,16,92,1
28,3,73,1
98,57,97,1
53,59,3,2
95,89,80,2
35,15,98,1
18,70,98,2
42,95,65,1
31,7,83,2
22,45,0,1
56,14,24,3
15,69,48,2
64,56,32,1
39,78,99,3
55,92,85,3
12,88,74,3
46,32,95,3
3,36,88,3
82,66,41,1
80,95,15,2
57,68,15,2
72,76,38,3
86,1,80,3
56,45,8,2
89,97,62,1
90,86,14,1
24,68,87,3
20,41,50,1
64,32,35,3
42,71,49,1
82,43,47,1
5,77,70,1
31,98,88,1
53,43,22,1
80,19,7,1
95,86,13,3
59,42,65,3
2,51,26,3
8,61,68,2
27,23,57,3
44,3,73,3
66,98,6,1
12,51,47,2
27,64,76,1
38,60,99,3
75,15,13,3
3,17,30,3
94,7,39,3
7,59,63,1
24,45,80,2
85,11,66,3
76,79,53,3
43,56,59,2
0,83,58,1
99,71,4,1
15,3,71,1
45,79,29,1
89,74,78,1
25,2,99,1
53,29,48,1
7,40,49,1
31,73,10,1
97,0,62,3
28,68,32,3
80,1,22,1
44,25,10,2
77,87,52,2
13,15,37,3
83,12,59,2
64,20,82,3
21,41,18,2
6,3,98,1
46,36,77,3
74,54,96,2
28,69,47,2
35,62,21,1
75,0,15,1
9,66,33,2
86,4,89,2
26,72,12,1
55,53,62,1
71,93,6,3
85,50,65,2
5,25,80,2
69,20,54,2
82,34,74,3
5,51,10,2
13,17,62,2
24,16,48,2
2,67,48,2
32,16,0,3
14,9,49,2
2,74,94,3
57,67,48,3
86,48,28,3
44,1,87,2
97,47,3,2
95,82,93,2
56,60,61,2
57,42,31,1
31,30,78,1
88,3,87,1
92,74,44,3
90,63,5,2
66,76,85,1
86,14,32,2
73,41,26,1
23,38,80,2
63,70,83,3
70,54,6,1
45,76,59,1
1,2,90,3
75,94,43,2
85,47,6,2
22,96,6,2
99,44,29,3
40,54,24,2
21,35,92,1
0,53,38,1
71,84,55,1
15,31,29,2
4,46,48,2
73,59,45,3
91,56,63,2
49,16,40,3
61,33,4,1
85,66,87,1
57,65,82,1
17,16,64,1
5,41,90,3
35,27,57,3
3,10,73,1
12,24,31,2
22,89,48,3
73,95,77,3
50,61,34,2
73,11,64,1
41,90,97,1
29,15,91,1
62,17,97,2
32,60,7,3
31,47,32,3
52,9,0,3
58,83,32,1
42,95,70,1
31,93,22,3
51,4,27,1
56,82,84,3
80,22,61,3
25,6,5,3
85,57,42,2
6,68,49,3
42,46,18,2
55,70,41,1
38,76,5,1
18,71,75,3
35,64,91,3
70,6,46,2
63,77,65,2
7,90,51,1
30,84,62,1
64,82,60,1
29,2,25,1
40,61,48,1
54,50,7,1
89,25,63,2
52,99,27,2
1,32,84,3
27,56,10,1
82,68,87,1
66,93,37,1
63,44,9,2
57,1,84,2
23,96,8,2
75,73,96,1
44,20,65,1
71,40,19,1
11,67,59,1
98,55,38,1
28,78,82,1
42,67,26,3
92,28,9,3
74,47,55,2
52,79,69,1
97,91,1,2
35,68,84,3
80,70,94,3
76,98,16,2
19,16,98,1
50,84,90,1
16,5,26,1
30,94,63,1
34,68,58,3
95,47,64,1
90,39,15,3
95,46,98,2
68,75,51,2
45,63,71,1
2,86,23,1
64,97,28,3
12,33,46,2
7,68,33,1
12,1,2,2
75,79,42,3
21,15,89,1
1,63,36,1
88,6,63,1
25,80,41,3
91,85,57,3
25,19,61,2
23,97,9,1
64,77,48,3
88,12,19,2
65,95,11,3
14,38,16,2
5,23,20,3
80,19,70,2
13,81,64,1
9,30,73,1
16,50,10,3
58,23,79,1
15,33,55,1
63,76,22,2
87,47,7,3
0,70,36,3
76,15,86,1
50,48,59,1
54,57,75,2
81,30,47,3
86,9,68,3
58,74,65,1
49,58,12,3
18,97,82,1
12,90,27,1
51,90,21,1
71,10,20,3
27,88,35,2
95,72,26,3
89,20,84,2
57,78,10,2
70,15,41,1
30,28,72,3
31,70,52,3
56,78,40,2
15,84,99,2
52,82,37,1
92,31,66,3
25,99,31,3
13,7,18,2
82,90,23,2
55,34,32,2
42,98,8,2
86,96,1,2
41,91,15,1
97,83,73,2
80,44,4,2
96,89,76,2
58,68,37,3
58,37,79,2
9,38,40,2
1,62,43,1
44,9,14,1
3,93,55,1
1,95,2,2
77,41,62,3
31,38,99,2
11,80,49,3
25,1,71,3
42,10,83,2
58,92,72,1
17,80,95,1
78,72,99,1
96,69,78,2
74,97,65,3
37,67,27,2
89,35,41,1
81,97,42,1
43,54,89,1
51,33,64,1
50,76,43,2
35,8,46,3
27,25,61,2
72,39,73,1
25,22,31,2
27,38,40,3
7,6,44,1
34,62,56,3
78,92,84,1
60,64,93,3
17,28,70,3
89,52,32,1
80,2,91,1
57,42,24,2
39,79,23,1
9,54,90,2
44,61,13,1
90,64,9,1
58,46,92,1
61,9,46,2
99,21,96,3
92,84,65,1
17,64,52,1
45,64,72,1
73,60,43,1
25,26,52,3
26,92,86,1
64,32,69,3
16,69,4,1
52,60,98,3
74,48,60,3
60,66,32,3
40,42,14,2
47,67,43,3
43,82,40,2
62,6,0,2
58,28,55,2
57,17,62,3
69,53,66,2
31,73,24,3
80,2,73,3
65,19,11,2
67,18,44,1
75,41,16,2
80,50,27,2
79,33,93,2
3,2,55,1
81,60,98,2
93,77,47,3
35,88,8,1
95,83,54,3
73,90,17,1
77,71,40,3
38,21,54,1
38,30,90,1
82,29,90,3
85,98,48,1
88,63,1,3
57,81,71,3
15,58,86,3
27,44,4,2
8,30,93,3
4,78,46,1
38,51,17,1
8,37,83,1
19,51,23,3
38,92,95,1
87,65,26,3
44,25,31,1
27,94,8,3
61,44,75,1
7,83,79,1
25,79,26,1
94,86,53,3
84,79,48,2
80,94,41,2
1,80,3,2
19,75,26,3
91,75,72,1
33,56,58,1
25,36,9,1
52,38,94,1
8,92,27,3
36,2,86,2
13,1,97,3
29,60,92,1
13,93,83,1
8,36,64,3
53,93,41,2
34,30,64,2
55,58,76,3
93,12,72,1
0,9,4,3
20,3,71,2
70,72,25,2
51,12,75,1
61,1,95,1
45,23,1,1
26,99,43,1
85,60,29,3
58,47,66,1
19,0,40,2
91,4,14,1
64,99,66,1
21,74,20,1
17,58,91,1
40,48,18,2
96,98,1,1
32,36,57,2
3,67,5,3
53,29,94,3
0,27,45,2
24,25,58,1
52,59,7,2
98,25,2,1
99,2,70,3
56,71,12,2
58,67,15,2
86,82,95,3
79,37,52,2
11,64,86,2
49,57,93,3
71,3,82,1
31,51,65,3
16,98,46,2
5,54,85,3
23,7,22,2
1,44,77,3
46,48,99,2
92,71,55,3
20,14,31,1
76,78,36,3
65,90,36,2
22,51,76,3
66,12,11,1
38,96,89,1
7,62,52,2
26,87,74,1
7,75,19,2
94,53,89,1
89,58,36,2
23,32,88,1
1,24,46,3
17,25,81,1
25,42,10,1
93,15,66,1
38,33,14,1
37,22,83,1
69,66,90,3
81,80,78,1
73,4,14,3
57,99,47,3
20,57,52,2
44,19,93,1
30,89,18,1
63,54,75,1
89,0,71,3
64,27,85,2
33,19,34,2
31,57,28,2
92,57,60,2
6,17,83,3
97,91,74,3
57,95,55,1
78,1,19,2
80,94,74,2
47,87,65,1
24,45,60,1
6,18,47,1
11,67,47,1
92,34,46,1
19,65,30,2
92,38,33,3
95,71,85,1
93,51,17,3
33,74,29,2
56,9,74,3
64,19,18,2
63,6,33,1
36,67,24,3
9,55,94,3
93,76,78,3
87,86,77,3
74,55,11,1
19,55,1,3
67,31,63,2
59,41,96,3
76,78,21,3
63,44,23,1
63,7,1,1
50,81,71,1
63,43,22,1
86,76,41,3
12,71,0,3
44,91,63,3
32,79,44,3
38,5,26,1
31,83,35,3
20,58,31,2
26,44,9,1
3,64,77,3
61,4,15,3
82,22,32,2
42,48,78,3
18,91,42,3
91,50,90,1
34,14,47,1
73,37,95,1
45,91,48,2
31,37,54,1
15,12,40,1
32,61,40,1
76,35,54,1
52,59,3,2
98,26,17,1
93,48,18,1
38,6,72,2
63,2,85,1
55,62,78,3
30,99,90,3
0,11,93,3
71,6,66,1
2,24,0,2
7,62,46,1
9,75,74,2
45,97,98,1
20,57,15,2
80,74,34,1
70,87,7,3
73,43,25,2
21,67,51,1
77,84,48,2
47,10,16,1
36,11,39,3
43,64,93,3
33,59,54,2
27,55,30,1
54,35,95,2
60,50,14,1
62,45,24,2
69,22,66,1
22,0,53,1
22,57,37,2
49,23,81,2
71,49,54,3
61,63,3,1
22,2,55,3
68,66,11,1
99,45,81,1
45,91,41,1
49,14,18,2
58,97,54,1
11,77,78,2
23,10,96,2
95,2,23,1
78,79,87,3
64,53,58,2
63,17,13,1
60,84,93,1
23,40,9,3
82,47,20,1
36,98,12,3
54,11,44,3
96,71,46,2
36,94,10,1
94,58,84,1
33,38,84,3
67,23,93,2
63,71,2,2
63,2,50,1
86,7,56,3
21,1,66,2
64,30,61,2
55,57,16,3
6,44,46,2
37,94,3,1
62,45,37,2
82,5,38,1
61,1,86,1
6,77,24,2
69,33,60,2
5,37,7,2
30,27,72,2
78,37,95,3
65,28,58,2
27,8,62,2
44,63,18,1
63,96,71,2
96,69,41,3
18,74,47,2
81,84,43,3
38,24,67,1
89,73,98,1
11,6,64,2
95,3,31,1
5,76,61,2
21,77,66,2
71,84,92,3
57,63,13,2
10,75,92,1
28,21,97,3
18,56,20,1
0,30,22,2
71,65,67,1
71,94,75,3
16,13,80,3
3,16,84,1
44,90,16,1
48,34,28,2
81,55,84,2
80,31,12,3
61,36,91,1
59,81,36,2
76,94,20,1
77,45,18,1
91,72,7,2
53,86,9,3
89,57,1,1
85,94,29,1
29,22,41,3
99,35,60,2
82,64,12,1
41,3,81,1
39,68,22,2
30,59,75,2
34,51,9,3
50,84,81,2
93,75,0,1
62,15,16,1
35,26,85,2
0,37,33,1
64,87,57,1
42,27,35,1
78,85,19,1
37,59,95,1
69,52,72,1
15,61,81,2
12,78,76,2
18,24,94,3
67,26,11,1
64,1,85,2
3,62,17,3
55,71,28,1
81,45,12,3
31,34,10,2
67,74,25,1
89,62,33,3
61,59,41,1
79,91,40,2
66,15,63,2
11,56,97,3
20,61,94,1
27,80,17,1
7,6,52,1
64,20,12,2
14,41,73,3
1,86,22,3
91,52,19,3
87,75,37,1
97,34,19,3
1,33,61,1
68,21,10,1
71,95,65,2
71,93,63,1
22,75,53,2
84,21,0,1
95,20,89,2
80,4,68,1
29,45,77,3
3,82,84,2
0,34,66,2
30,7,86,2
95,17,30,1
1,36,57,2
36,37,96,1
66,70,52,1
57,66,28,2
79,73,13,1
20,75,82,2
88,28,20,2
16,63,39,3
51,88,78,1
86,17,15,1
73,7,2,3
60,88,11,2
86,73,42,2
99,83,46,1
87,93,11,1
70,78,56,3
38,68,73,3
16,48,21,3
33,42,35,1
81,47,28,1
82,96,3,3
85,68,84,3
83,70,53,1
91,46,0,2
75,7,35,3
98,95,32,2
80,88,33,1
8,18,74,3
76,54,74,2
47,72,21,3
99,5,95,2
76,59,86,2
27,53,42,3
18,51,64,3
93,73,27,2
20,94,98,2
94,54,14,3
42,43,12,3
85,20,70,1
28,41,31,2
9,28,16,1
42,91,22,3
94,80,70,3
39,55,6,1
90,3,34,2
66,70,25,3
51,42,79,2
41,63,84,2
0,9,94,1
42,44,41,2
90,15,34,2
41,93,14,1
60,71,91,2
86,73,8,3
41,22,25,1
50,2,70,2
29,34,54,2
54,65,67,3
47,51,41,3
8,65,92,2
55,38,99,1
30,74,6,2
80,76,4,2
4,30,97,1
38,48,30,3
68,32,6,1
10,53,54,3
72,71,1,1
54,92,35,1
89,73,35,2
30,53,14,1
78,15,21,1
70,66,55,3
6,71,28,3
56,38,31,3
51,88,86,3
19,14,18,3
57,47,60,2
29,63,30,2
91,67,43,1
1,91,6,1
38,6,83,3
76,63,9,1
20,68,18,2
2,62,9,2
94,3,59,3
99,71,57,2
97,32,5,3
87,56,20,3
13,8,2,2
71,25,18,2
47,95,84,3
66,55,45,1
22,39,48,2
41,32,75,2
97,89,37,3
46,60,14,3
9,28,16,2
51,50,96,1
70,9,58,1
21,80,70,3
28,0,96,3
49,30,36,1
53,41,37,3
67,66,59,1
57,77,72,1
19,39,8,2
71,65,62,2
86,76,0,2
68,96,88,3
28,85,53,3
50,53,77,3
68,33,36,2
48,90,70,2
28,52,17,3
65,49,97,2
36,86,25,1
92,25,78,1
81,90,64,1
4,76,18,3
43,98,87,2
63,8,26,1
50,4,95,2
78,4,1,3
45,3,24,3
57,42,17,1
98,76,7,1
14,76,82,1
22,27,87,1
73,88,97,3
72,0,31,3
8,67,82,3
86,63,68,2
95,20,29,2
74,6,94,2
69,35,40,3
53,40,64,1
3,48,85,1
48,15,79,1
56,64,22,3
52,79,93,1
8,21,33,2
34,81,23,1
94,87,44,1
52,93,80,1
44,79,21,3
89,42,2,1
22,29,51,3
29,58,20,1
41,2,15,1
30,16,26,2
74,93,40,2
43,32,8,1
96,24,65,3
68,92,83,1
34,49,86,2
50,0,92,1
60,28,51,3
58,43,81,3
14,86,98,1
10,3,69,1
19,25,18,3
0,75,74,1
24,22,54,3
1,73,93,3
67,28,13,1
68,32,64,1
75,88,80,2
9,65,19,2
25,52,28,3
56,88,14,2
48,30,84,3
10,45,12,3
91,75,40,1
39,26,21,3
59,36,22,2
70,40,35,2
52,48,4,3
81,53,45,1
78,44,72,3
64,46,36,3
6,46,66,3
31,68,9,2
49,31,42,1
70,26,61,3
83,6,28,2
2,91,56,1
99,94,61,2
13,25,48,1
81,48,19,1
84,78,81,2
15,97,21,1
43,48,64,2
99,23,65,3
87,32,93,1
36,35,45,1
79,48,91,1
10,72,6,3
93,89,65,2
90,81,62,2
94,89,78,1
51,88,21,1
47,40,64,2
89,23,78,2
35,43,57,3
13,7,8,2
6,21,42,3
77,62,21,1
45,62,38,2
49,99,5,2
75,83,96,2
50,55,23,1
68,25,17,2
71,31,79,3
66,69,84,1
13,9,88,1
9,41,24,1
3,67,54,2
66,8,18,1
22,49,92,3
79,23,94,2
58,16,37,1
0,99,4,2
55,60,50,3
45,22,57,3
16,70,47,2
39,48,78,1
9,19,34,1
92,26,53,1
53,28,60,3
6,39,46,2
46,57,93,3
74,68,60,1
98,2,4,1
45,52,67,2
70,44,89,1
89,24,97,3
66,45,71,1
22,8,56,2
19,49,81,3
65,3,93,3
45,20,22,3
40,93,23,3
44,21,91,1
45,92,36,1
78,67,64,2
86,87,83,2
46,60,95,3
7,62,30,2
2,63,83,2
45,38,16,1
92,58,42,3
89,58,83,3
52,17,81,2
29,37,82,3
78,70,5,3
33,50,36,2
86,12,75,3
8,85,12,2
32,19,14,2
57,55,15,1
92,89,20,2
0,31,76,3
39,17,69,2
54,21,69,1
16,96,39,2
92,21,87,3
53,88,43,3
30,70,18,1
9,78,28,1
37,86,17,1
26,65,90,1
91,39,57,2
19,48,52,3
47,19,10,2
30,75,45,3
67,18,59,2
89,8,40,3
84,47,21,3
45,59,80,2
33,43,79,1
2,7,91,1
94,50,59,1
59,21,40,2
42,86,50,3
54,89,39,3
44,51,1,2
92,11,54,2
31,93,89,3
43,64,92,2
28,42,59,1
17,20,29,3
99,92,70,2
8,42,80,3
44,95,24,3
21,48,46,2
54,30,38,3
0,41,63,2
84,1,85,3
16,40,25,1
26,33,9,1
10,93,67,2
57,82,1,2
1,48,95,2
67,62,84,3
78,77,35,3
80,56,87,1
70,8,49,1
48,52,86,3
19,69,75,1
38,62,76,1
7,43,28,1
7,8,17,3
84,20,67,2
11,2,35,2
55,22,0,1
96,64,67,3
23,73,40,1
94,60,55,3
84,21,74,1
22,16,40,1
31,30,2,1
44,5,60,3
72,55,70,1
41,49,6,3
51,7,58,2
31,14,40,3
65,37,20,1
93,91,36,1
88,5,29,3
59,73,92,2
32,19,46,1
61,27,80,3
99,2,25,3
53,85,96,1
93,64,91,1
28,17,98,3
63,60,88,2
63,97,67,2
72,22,8,2
43,29,0,3
58,65,31,3
26,89,73,1
38,71,70,1
2,97,80,2
55,92,97,2
62,12,61,3
30,65,43,3
35,56,84,2
62,39,66,3
74,27,41,2
60,8,72,1
17,59,84,1
10,30,94,3
74,46,65,2
88,81,1,3
13,34,10,3
80,67,2,1
88,3,17,3
54,36,4,1
99,63,94,3
38,94,1,2
18,80,92,2
75,67,36,1
21,75,51,2
14,33,20,3
6,2,90,3
17,94,9,1
62,8,61,2
45,27,7,2
27,17,45,2
8,93,66,2
88,67,52,3
82,43,52,1
31,17,94,2
50,97,63,3
76,33,98,3
67,73,57,2
37,16,67,1
41,30,76,2
19,46,32,1
89,9,63,2
57,51,14,3
52,91,96,3
33,70,85,1
23,36,57,2
59,29,47,2
43,34,79,2
78,21,50,2
77,12,1,3
54,23,2,1
80,33,85,2
15,94,11,2
35,34,82,3
83,1,21,2
64,67,35,3
42,59,28,1
7,25,34,3
52,85,69,1
46,30,19,2
44,52,92,1
24,5,95,2
6,42,35,1
83,18,58,3
56,22,18,3
41,20,18,2
60,5,53,2
9,93,40,2
53,98,27,1
41,56,90,1
42,13,21,1
34,79,17,2
80,51,6,2
23,86,70,3
50,98,9,2
38,42,93,3
58,14,71,3
72,17,9,2
74,96,15,1
31,21,9,2
23,40,78,3
13,46,44,3
62,22,8,3
34,92,76,1
33,42,77,3
65,72,87,2
46,73,27,2
53,14,38,1
66,13,87,1
36,26,75,1
17,90,97,1
53,0,38,3
12,82,40,3
60,27,16,3
84,11,24,1
43,64,15,3
76,83,79,1
46,20,87,1
86,95,5,1
67,63,42,2
53,42,92,1
9,2,11,2
22,41,93,3
87,39,84,2
61,81,15,2
39,37,7,3
91,81,18,3
50,80,28,2
48,91,86,2
55,71,27,1
79,56,7,3
30,76,40,2
90,43,40,3
4,95,73,3
84,20,7,3
86,10,90,3
30,66,91,1
42,20,91,2
42,83,53,1
15,0,40,1
42,47,92,1
86,60,49,3
21,2,32,3
7,15,60,2
21,61,92,1
21,24,77,2
9,93,41,1
14,38,96,2
40,61,16,3
94,82,26,3
96,82,23,3
27,15,4,2
51,62,56,1
70,61,14,1
13,29,39,1
69,56,0,1
38,91,41,3
2,46,97,1
45,75,77,2
97,12,68,2
93,48,82,2
86,88,16,1
99,41,17,2
48,49,10,3
38,19,99,2
48,83,57,3
1,38,98,1
42,77,86,1
82,75,56,3
97,39,43,3
19,79,45,3
25,91,98,3
13,72,17,2
75,28,83,1
85,92,12,2
68,87,91,1
58,88,37,1
85,33,81,1
43,76,74,2
61,43,68,1
95,23,43,3
6,61,50,2
43,87,56,1
40,5,49,2
79,54,17,1
47,78,74,2
25,73,70,1
99,84,60,1
29,17,70,1
93,58,38,3
11,9,49,1
86,66,78,3
3,25,12,3
49,36,7,2
90,53,60,2
81,25,33,2
2,86,87,1
51,38,84,2
75,92,77,3
30,67,3,2
80,13,12,2
90,27,84,2
59,71,78,2
30,74,52,3
56,24,54,1
3,97,49,1
64,2,21,2
37,30,22,3
95,46,3,2
92,34,82,3
76,12,48,3
52,5,36,3
45,69,57,3
42,49,14,1
79,32,63,1
19,52,49,1
0,19,88,1
66,67,63,2
11,92,40,2
71,12,77,3
60,70,49,2
54,92,34,2
47,22,13,2
97,68,83,1
97,17,8,2
13,76,7,3
38,86,34,1
69,4,40,1
13,14,2,2
56,65,60,1
83,51,76,2
0,79,41,3
25,61,69,3
60,13,48,3
85,68,40,3
45,72,58,1
21,98,37,2
85,23,66,3
31,65,69,3
49,73,22,3
67,58,26,3
71,40,20,1
39,29,84,3
81,1,23,3
43,36,76,1
94,40,37,2
38,11,61,3
21,89,81,3
64,59,44,1
55,16,28,2
35,86,64,3
38,14,43,2
10,13,50,3
94,39,68,3
31,55,1,1
33,54,78,2
1,19,89,1
76,8,33,3
14,9,48,2
94,50,95,3
18,52,6,1
39,47,72,3
15,28,58,1
55,11,23,1
33,99,49,2
81,72,22,2
93,72,45,2
15,82,36,2
45,24,41,3
31,72,34,1
33,95,24,1
89,97,45,2
8,60,93,3
83,58,94,2
45,54,28,2
4,3,19,2
23,30,54,3
16,89,84,2
80,13,56,1
76,65,79,3
21,50,66,1
89,68,59,3
62,60,17,2
76,97,44,2
31,40,91,1
35,45,91,3
77,22,65,1
80,60,12,2
60,52,87,2
73,17,51,3
68,73,24,3
61,86,13,1
55,22,97,1
42,18,2,2
70,16,5,1
88,37,3,2
2,36,61,2
83,75,63,2
17,78,3,2
70,17,45,3
51,54,79,3
18,67,71,1
45,54,70,3
65,61,46,3
15,34,77,1
50,63,88,2
80,56,29,3
12,96,90,1
35,6,33,1
42,22,79,1
59,87,82,2
7,1,41,1
49,58,34,2
91,38,85,1
62,74,49,2
35,99,71,2
47,61,85,2
48,30,4,2
92,78,33,3
40,63,84,1
89,22,51,3
19,9,25,3
94,35,29,3
14,30,76,3
49,53,70,2
35,4,55,3
98,8,95,3
83,12,84,2
25,36,49,2
83,31,81,1
50,18,41,2
17,0,12,3
34,86,69,1
31,85,33,1
22,6,81,3
2,89,47,2
34,80,31,2
72,66,74,2
92,7,75,1
6,83,80,3
37,93,29,3
37,8,21,2
14,25,24,3
20,29,43,3
75,70,47,1
52,43,96,2
28,8,32,1
90,58,56,2
29,95,65,3
4,83,59,1
56,59,53,3
1,19,23,3
20,8,67,1
57,90,47,1
54,9,44,1
2,20,46,1
51,8,88,2
17,74,15,1
20,30,41,1
4,25,95,2
90,35,77,3
82,78,98,1
38,3,31,3
36,10,97,2
92,2,10,2
54,21,94,1
90,29,85,3
57,1,52,2
82,60,42,2
12,26,67,1
71,15,76,2
12,13,69,2
35,98,29,1
40,74,68,1
77,54,87,3
6,7,36,2
55,38,58,3
41,11,91,2
67,12,73,1
62,24,42,1
1,16,70,2
66,34,0,1
52,32,31,1
30,97,46,1
60,6,18,2
4,33,67,1
62,34,24,2
46,49,6,1
0,98,84,1
97,69,57,1
12,96,9,1
41,75,5,2
69,13,74,1
53,79,14,3
92,11,99,1
74,2,75,2
67,92,66,3
71,19,17,3
28,60,9,1
5,14,24,2
41,37,14,1
11,82,78,2
49,40,26,2
85,11,75,3
66,15,22,2
8,58,26,1
37,64,49,2
44,81,27,1
86,95,55,3
32,58,53,1
72,50,58,2
90,10,41,2
61,2,21,1
54,1,23,2
15,13,35,1
98,94,31,2
83,17,75,3
25,5,69,1
99,96,49,2
79,98,35,1
59,31,11,2
12,6,85,2
22,49,60,1
60,6,28,3
0,29,28,2
21,3,30,1
14,47,34,2
6,44,22,2
22,44,62,1
97,58,44,2
39,49,82,1
39,45,27,1
33,36,38,2
92,6,24,1
37,95,21,1
78,8,21,1
72,85,36,3
95,30,22,2
78,23,97,1
16,72,80,2
99,12,38,3
14,59,4,1
71,29,64,1
62,74,76,1
8,67,83,2
31,65,92,2
12,5,86,2
37,31,82,1
13,9,92,1
13,21,6,2
19,59,9,1
8,44,91,3
92,51,58,1
76,57,97,3
58,45,91,1
35,65,24,3
97,51,42,1
66,16,21,2
50,86,13,3
45,3,0,2
21,72,88,1
24,57,90,2
37,8,11,1
21,4,11,3
8,10,32,2
91,99,87,1
77,63,46,1
83,79,65,1
96,37,42,1
17,76,87,3
45,57,99,1
39,0,14,2
20,81,96,3
79,40,77,2
75,81,38,1
14,19,39,3
32,66,99,3
36,55,8,1
75,17,70,1
41,43,81,3
75,31,47,1
9,7,31,3
43,62,31,1
80,23,29,2
93,70,76,2
74,35,89,3
58,44,13,3
61,66,5,1
71,45,25,1
42,34,48,2
69,10,59,2
99,51,36,2
11,15,69,1
75,94,39,3
38,56,85,1
25,60,41,1
39,21,90,3
50,16,42,3
82,30,0,2
4,66,32,1
67,31,83,1
49,1,58,3
42,83,38,1
98,42,41,1
66,23,97,1
13,8,12,3
19,11,7,2
6,65,52,2
18,93,26,1
82,36,96,2
94,15,41,3
66,6,59,3
18,46,24,2
64,28,77,2
95,53,16,1
54,53,26,3
2,37,28,3
1,88,14,3
99,22,21,2
33,23,3,2
37,96,44,2
87,71,75,2
10,6,66,2
0,99,59,3
72,5,36,2
38,7,4,1
43,24,69,1
9,45,41,2
68,56,23,3
7,59,40,2
80,38,13,3
13,9,34,2
32,34,24,3
50,89,14,2
26,99,91,1
65,83,76,3
33,10,61,2
94,96,41,2
57,91,72,2
0,39,97,1
5,12,61,1
4,16,23,2
83,91,49,1
95,60,57,2
68,70,45,2
39,8,94,1
24,80,40,3
23,17,12,3
29,67,78,1
29,64,87,2
23,88,72,3
48,86,56,3
59,16,98,1
71,76,31,3
55,12,30,1
28,46,3,3
18,7,4,1
66,37,55,2
89,80,75,3
52,37,19,1
53,31,69,3
73,51,89,3
39,88,35,3
83,55,38,3
49,35,24,2
18,84,67,1
54,21,55,2
66,41,57,3
53,20,52,3
1,87,58,1
59,50,32,2
59,33,0,2
39,31,44,2
26,52,65,1
88,42,31,2
62,50,27,2
37,73,91,3
9,16,95,2
25,70,81,3
42,72,47,1
41,0,7,1
91,22,11,3
70,38,43,3
14,12,54,1
82,68,0,1
88,81,9,1
29,99,98,3
67,41,73,1
23,91,38,3
73,35,97,1
6,7,88,2
88,99,64,3
98,22,90,2
80,33,9,1
15,92,40,1
67,20,59,1
93,76,45,3
84,81,12,1
38,58,30,1
92,14,85,2
46,37,89,1
85,18,76,3
57,66,28,1
74,18,85,1
66,94,11,2
37,49,30,1
95,72,55,2
61,99,39,2
55,62,10,1
58,34,56,2
57,37,56,1
15,82,26,1
90,87,3,1
52,59,25,2
68,27,40,3
3,76,7,2
57,19,34,2
27,17,97,3
26,25,29,3
85,86,39,2
93,44,53,1
82,18,64,2
46,62,55,1
44,59,80,1
50,98,80,3
70,85,50,3
85,42,18,2
19,62,0,3
14,48,57,1
74,65,86,3
77,64,52,1
5,44,55,3
70,34,91,2
72,67,23,3
90,67,5,1
88,39,75,2
28,23,46,1
59,62,17,1
34,29,50,1
72,66,80,3
92,72,89,3
27,71,89,3
41,80,16,2
25,12,80,2
9,32,36,3
19,1,63,1
23,13,25,1
87,80,36,3
26,37,32,2
97,98,14,3
4,34,63,3
74,64,62,2
51,6,85,1
57,54,50,1
72,50,95,1
61,29,59,1
17,45,94,1
89,42,43,1
69,83,88,2
57,39,95,1
2,78,93,2
19,87,46,3
97,6,38,1
68,51,49,2
51,36,35,1
76,85,60,2
45,36,41,3
79,65,87,3
33,95,57,1
38,50,10,1
84,93,29,2
2,35,53,1
24,22,49,3
77,87,68,2
44,15,9,2
31,13,88,3
32,29,14,2
68,11,42,2
10,25,44,3
61,24,69,2
36,80,28,3
71,62,13,3
30,92,85,3
26,6,85,1
99,25,53,3
90,11,92,1
6,74,23,1
97,51,78,1
29,90,83,2
83,68,81,3
71,75,57,1
87,93,33,1
39,67,6,3
63,18,60,1
91,80,42,1
55,64,77,3
18,9,26,2
49,75,85,1
21,82,53,1
27,32,43,1
80,85,2,1
71,73,23,2
59,83,88,3
53,87,18,2
20,18,80,1
91,97,90,2
55,23,58,1
69,43,1,2
89,56,73,3
7,86,98,2
66,38,16,1
76,37,17,1
32,14,35,3
31,96,28,1
21,64,53,1
42,48,70,3
65,5,81,2
89,95,48,2
8,15,41,3
13,15,48,1
29,70,38,3
43,97,23,2
80,27,83,3
57,4,77,1
65,87,64,2
29,20,8,2
90,4,20,2
90,81,15,1
79,0,85,1
95,70,34,3
94,16,33,1
6,51,35,3
67,25,80,1
0,47,64,2
29,79,73,2
43,4,27,3
60,82,20,1
4,1,47,2
22,6,46,3
63,73,40,3
21,32,9,2
96,38,7,3
20,68,91,3
28,13,16,1
12,19,52,2
15,69,47,2
68,76,86,2
44,12,98,1
79,19,47,2
44,27,10,3
76,50,67,2
30,38,68,1
67,98,20,1
54,32,30,2
83,93,87,2
41,54,75,3
58,13,33,3
20,72,50,3
74,61,9,1
74,15,98,2
81,76,96,2
15,62,77,1
23,51,86,2
71,94,10,2
2,74,3,2
8,62,31,2
73,96,57,2
40,37,26,2
24,2,54,1
86,91,60,2
19,67,13,3
63,16,62,1
54,22,59,2
63,69,87,2
86,19,84,3
40,6,16,2
58,0,99,1
30,55,77,1
44,46,94,2
16,82,86,3
64,16,76,2
13,42,77,3
46,94,16,3
73,54,22,2
40,70,25,2
76,16,43,3
65,93,68,3
79,87,31,1
73,57,1,1
57,39,4,1
94,22,41,3
14,2,1,2
8,13,30,1
96,76,57,3
91,41,81,2
92,25,87,3
46,53,38,3
35,5,18,2
61,74,85,1
98,22,55,1
26,5,46,1
12,99,43,3
64,58,9,2
72,35,50,2
96,34,25,3
66,20,60,2
48,98,4,2
46,63,74,1
91,25,4,2
77,20,32,3
68,40,3,2
46,0,58,3
72,96,69,2
22,61,68,2
49,91,39,1
95,27,74,3
50,89,93,1
96,68,97,1
53,68,16,1
46,91,85,3
92,77,98,1
42,1,18,1
46,52,32,1
13,81,78,3
84,82,57,2
76,80,98,1
40,93,67,3
26,98,84,1
3,93,53,1
45,30,91,1
61,53,71,2
36,51,86,1
0,68,10,3
74,40,96,3
35,79,42,1
75,48,58,2
8,56,62,2
97,71,47,3
81,91,8,2
95,71,19,2
90,66,68,1
98,53,59,3
91,33,9,3
67,45,35,2
32,66,62,2
34,95,54,3
77,40,6,1
2,99,24,3
29,66,46,2
41,9,42,2
3,7,95,3
33,13,91,1
81,68,15,1
71,43,3,2
36,68,9,1
37,64,9,3
10,59,52,1
74,73,33,3
26,72,58,2
2,60,67,1
25,6,58,2
49,91,13,2
17,94,44,3
77,58,98,2
92,49,56,2
22,19,6,3
52,78,18,1
53,67,84,2
16,4,38,2
26,2,43,3
93,82,28,3
43,63,50,3
9,95,46,1
84,94,2,1
99,66,32,1
30,11,72,1
23,72,22,3
70,18,53,3
53,42,95,2
32,82,2,1
38,40,49,3
24,23,26,3
29,92,90,1
55,36,16,2
71,31,48,2
76,17,44,3
97,12,57,2
81,30,35,3
42,78,53,3
26,5,72,1
29,22,38,2
7,93,8,3
38,5,31,3
44,16,66,3
54,99,57,1
21,23,35,2
60,65,25,3
88,13,76,2
76,51,94,1
81,89,67,3
50,70,71,3
1,93,63,2
98,5,73,2
32,79,44,3
5,62,46,2
28,73,82,1
14,53,52,1
7,30,83,1
57,71,18,2
72,98,81,3
27,23,58,2
81,89,69,2
99,61,47,2
79,9,60,3
84,77,4,1
4,81,74,2
84,13,90,1
57,94,38,3
39,28,55,3
6,33,47,3
47,58,87,3
70,54,67,1
14,26,93,3
98,38,61,2
48,52,29,2
79,67,99,2
80,0,84,2
83,64,61,2
13,57,22,3
67,84,16,3
62,0,13,2
29,44,74,3
89,5,42,3
94,11,13,2
27,23,24,2
60,7,57,2
24,78,73,3
90,65,23,3
81,99,71,1
64,90,61,3
62,14,29,3
41,36,26,2
53,20,48,1
48,98,69,1
93,9,60,3
82,95,79,2
17,69,47,1
44,38,17,3
0,20,34,1
47,97,3,2
69,70,12,2
48,54,67,2
92,10,75,2
76,98,18,3
20,67,28,2
99,8,50,3
12,76,23,3
83,58,80,3
29,7,6,2
62,7,80,3
80,24,70,2
16,36,12,1
4,17,85,1
69,48,92,1
7,3,0,2
46,34,9,1
58,19,15,3
51,65,22,1
49,13,3,2
1,75,2,2
52,10,49,3
36,63,28,2
55,28,3,2
93,52,38,3
61,71,72,2
81,2,90,2
39,85,65,2
67,17,44,3
63,50,92,3
72,98,46,1
13,28,46,2
76,67,24,2
8,9,73,3
56,95,77,3
79,66,50,3
75,0,37,1
43,98,52,1
54,52,14,2
2,14,15,2
64,8,32,3
0,15,47,2
15,80,60,1
49,51,41,3
32,39,41,1
56,2,93,2
87,32,98,2
68,84,51,3
14,77,49,1
4,9,32,1
37,6,87,1
48,27,35,3
96,68,80,3
65,75,29,3
12,41,65,1
59,88,30,3
82,42,7,1
53,89,59,1
6,75,34,2
96,6,44,3
13,1,42,2
80,44,55,3
16,73,31,1
10,66,22,2
48,80,85,3
30,96,86,1
56,38,91,1
25,44,32,3
42,64,69,3
1,87,74,1
65,39,4,3
24,61,29,3
73,65,54,2
19,93,82,2
4,82,32,2
89,63,19,3
70,19,62,2
38,35,95,3
78,51,59,2
26,92,27,3
85,84,53,2
29,90,79,2
84,62,33,3
5,34,77,3
82,47,56,2
15,85,87,2
50,33,13,3
20,60,73,1
42,3,58,2
70,74,56,1
60,47,92,3
21,27,0,3
18,79,20,1
3,27,71,1
87,64,49,1
79,76,78,2
76,47,64,3
74,64,71,3
35,37,80,3
31,85,68,2
11,47,80,2
65,73,42,1
77,30,24,2
11,3,41,3
34,30,93,1
11,0,65,3
71,62,99,1
85,0,12,3
20,72,12,3
46,56,7,2
91,88,67,2
6,98,41,3
31,95,28,3
29,82,30,1
86,99,37,1
39,44,38,3
65,86,58,1
67,43,66,1
53,6,29,2
92,94,99,2
86,55,79,3
3,11,86,3
7,76,4,1
56,36,22,3
30,26,45,2
89,22,52,3
76,41,3,2
33,65,66,3
73,49,17,1
49,10,3,2
61,64,32,3
17,97,56,2
47,42,66,3
54,88,24,2
80,74,78,3
21,32,68,3
21,91,0,3
60,3,66,1
93,62,26,3
53,45,29,1
89,73,66,1
90,74,34,1
37,76,85,3
92,78,28,1
98,76,63,3
33,5,10,1
93,54,48,1
62,11,6,3
62,29,49,1
44,11,66,2
20,10,60,3
54,62,12,3
49,61,44,3
76,73,1,3
30,15,13,1
80,95,64,1
1,95,78,2
46,83,82,2
47,66,5,2
37,97,83,2
36,9,43,3
59,44,1,3
79,92,12,1
80,23,46,1
72,2,19,2
24,89,55,2
91,37,46,3
92,85,75,3
13,44,61,2
73,94,47,1
45,79,63,1
59,41,61,2
79,81,44,3
50,94,19,1
66,64,18,1
83,4,79,2
23,89,54,1
45,53,91,1
36,57,16,3
33,82,12,3
80,71,30,1
35,21,38,1
20,47,45,1
50,43,56,1
81,36,17,2
19,7,70,2
41,66,90,2
93,23,9,3
88,59,68,3
2,5,26,3
82,86,38,2
36,91,2,3
23,55,49,2
88,69,43,1
53,26,68,1
9,99,95,1
87,18,88,3
49,46,40,3
48,92,12,2
28,3,53,1
82,60,1,3
35,19,10,1
49,52,23,2
75,21,38,2
16,11,2,1
25,47,88,1
17,89,40,1
17,40,54,3
42,21,56,1
86,60,3,1
3,27,48,3
59,73,82,1
43,47,65,1
22,77,88,1
1,39,80,3
86,85,54,3
19,88,87,3
93,22,66,3
43,81,87,3
3,12,83,2
22,69,8,1
2,10,47,2
58,24,76,1
49,44,45,2
73,95,45,3
98,49,36,3
56,52,46,1
40,7,94,2
70,28,94,2
25,34,64,3
92,66,17,2
62,22,42,3
68,17,60,3
93,15,97,3
15,9,98,3
61,10,14,3
32,69,77,2
12,46,91,1
74,41,57,3
50,23,6,2
85,51,29,3
77,82,10,1
29,36,55,2
52,32,47,2
20,1,57,2
99,28,27,1
46,27,72,3
49,24,89,2
39,11,67,3
63,67,56,3
79,52,18,1
20,30,59,3
69,77,83,2
10,89,34,3
5,52,79,3
58,73,93,2
15,61,19,1
53,77,39,1
2,26,52,2
92,79,63,3
65,1,26,1
19,44,2,2
71,67,57,3
9,80,87,3
89,59,98,3
63,18,15,1
90,63,66,3
8,82,73,2
15,0,99,2
71,92,95,1
24,18,22,3
25,91,93,3
58,53,4,2
22,17,80,2
17,33,4,2
27,42,82,1
40,7,29,3
9,37,61,1
79,95,89,1
54,82,11,3
2,83,97,3
14,0,54,2
13,81,70,1
20,1,50,3
28,44,6,3
58,10,81,2
73,93,35,3
45,95,99,3
82,45,29,1
99,5,76,2
71,6,77,3
66,22,53,3
1,74,63,2
51,5,62,1
24,7,87,1
57,1,3,2
81,38,99,3
16,73,72,1
37,53,90,3
91,66,33,1
61,87,98,2
68,22,53,1
31,71,1,3
60,13,5,2
90,98,88,3
83,26,42,3
28,88,6,2
54,55,87,2
82,76,51,2
94,24,78,2
45,40,14,1
42,88,67,1
95,93,9,1
44,97,64,3
15,84,73,3
88,23,39,3
73,53,82,1
99,71,74,3
39,77,56,3
33,34,50,3
37,3,40,3
28,88,33,3
91,99,54,1
18,13,84,3
89,98,71,2
96,53,47,3
73,33,1,2
48,33,81,2
28,48,91,3
26,55,61,2
18,56,67,1
44,24,71,2
65,96,21,1
95,33,71,2
43,36,58,2
2,14,85,3
68,23,2,1
84,14,93,1
8,38,19,3
34,77,37,3
92,90,81,3
48,39,58,3
68,77,89,2
28,52,67,3
63,97,86,3
3,53,20,1
59,40,10,3
73,63,39,3
54,61,19,2
52,1,59,1
29,48,38,2
34,61,76,1
44,86,82,2
78,8,50,3
84,50,7,1
99,61,21,2
90,61,54,3
75,59,95,1
57,75,70,3
8,22,9,2
48,3,56,2
79,96,88,3
57,68,82,1
17,0,58,2
43,17,33,2
25,11,76,1
47,54,93,3
75,87,26,3
63,49,40,3
53,90,4,3
24,45,8,3
74,36,65,3
89,99,51,1
58,64,27,3
23,19,60,3
32,91,38,1
27,28,17,1
11,45,23,1
94,91,2,3
79,64,90,2
4,42,49,2
74,30,98,3
44,27,60,2
78,8,62,3
38,19,17,3
67,78,92,2
23,48,30,1
33,6,16,1
79,51,69,1
80,35,51,3
19,23,17,3
77,67,34,1
7,92,58,2
72,47,31,3
62,58,22,3
81,61,76,2
0,18,37,2
38,1,55,2
22,40,98,2
62,57,6,1
60,27,67,1
72,71,8,1
27,87,12,1
64,63,31,2
68,90,28,3
53,68,20,1
44,38,34,2
6,78,79,3
8,19,96,2
18,94,93,3
26,91,98,2
9,21,14,2
12,22,78,2
27,6,44,2
35,18,73,3
21,79,35,1
53,96,24,1
38,35,7,2
43,6,62,1
4,13,55,2
6,5,30,2
73,97,38,1
76,26,16,2
82,73,41,1
31,22,55,2
33,67,80,1
52,28,25,2
94,84,53,2
83,42,49,2
11,41,20,2
11,27,47,1
68,96,42,1
66,3,17,2
70,75,31,1
47,66,37,1
23,95,47,2
87,89,69,2
56,78,21,3
83,7,25,3
32,88,82,2
35,31,78,2
58,1,38,1
28,65,90,2
74,1,33,3
75,52,76,2
65,57,87,1
96,51,94,2
91,6,46,1
18,55,94,2
83,94,11,1
98,34,69,2
46,74,43,3
79,19,12,1
68,9,95,3
95,55,90,2
36,1,13,2
94,89,60,2
77,78,60,1
33,36,43,2
12,93,18,1
99,81,0,1
72,20,57,3
21,59,98,3
63,96,71,1
66,23,12,2
89,73,79,2
60,69,92,2
14,55,71,2
34,76,75,3
37,67,94,2
91,64,38,1
33,49,88,3
27,66,91,1
62,32,80,2
8,64,99,1
49,68,50,2
13,48,21,3
98,87,33,2
1,93,66,1
47,55,42,1
67,44,46,1
39,16,62,1
3,36,12,3
50,56,95,2
57,79,21,1
98,12,65,1
67,69,39,2
53,89,48,1
16,11,65,2
24,58,86,1
4,81,34,2
32,89,68,2
20,97,47,1
85,54,65,2
11,86,67,2
36,50,86,1
6,12,1,2
63,10,19,1
82,41,66,1
89,17,28,3
4,75,93,1
12,37,69,1
46,27,58,1
28,54,91,1
89,42,67,1
83,79,7,2
6,70,63,3
80,34,74,2
75,2,81,3
73,80,72,2
69,15,34,1
86,11,73,2
41,57,35,2
35,49,62,3
56,16,71,3
81,37,12,1
78,17,11,3
21,47,26,3
32,94,11,3
64,69,41,1
88,73,38,2
96,23,29,1
34,7,47,1
94,62,43,1
84,1,37,2
6,98,8,2
48,44,71,1
49,70,29,3
76,6,50,3
32,41,31,2
81,82,59,3
74,29,52,2
11,48,41,2
72,1,61,2
3,33,16,1
95,74,97,3
77,96,86,2
55,63,40,3
32,48,53,1
64,38,69,3
56,80,57,3
43,19,87,1
72,94,44,2
53,99,90,2
67,92,97,1
6,73,46,3
31,64,80,3
0,81,49,3
61,4,63,2
35,32,0,1
69,65,19,1
1,21,33,1
21,92,22,2
77,97,59,1
22,20,32,2
74,73,89,3
67,66,83,1
37,90,65,3
72,55,61,2
52,33,35,2
19,79,66,3
31,99,80,1
26,8,56,3
99,51,70,2
70,73,15,2
21,98,5,1
12,32,62,3
78,16,23,2
97,43,81,3
81,30,7,1
28,62,35,1
12,85,15,2
73,19,17,1
21,17,6,2
45,57,16,1
54,94,8,3
60,61,48,2
54,98,51,2
29,7,22,1
20,50,63,2
81,71,55,2
33,52,26,2
22,75,74,1
97,59,99,2
53,5,99,2
3,41,74,2
1,68,87,1
2,59,0,2
57,97,89,1
93,65,76,2
11,15,50,3
63,83,53,1
75,22,24,1
4,80,3,1
60,78,76,1
82,90,21,1
9,15,6,3
88,65,59,3
28,73,49,2
77,93,68,1
58,31,4,1
26,37,46,3
57,93,76,1
46,36,11,2
28,61,66,2
34,33,2,3
92,21,99,2
54,99,64,2
79,77,96,1
15,33,74,3
74,96,41,1
23,87,89,3
33,55,12,2
19,63,74,2
3,54,6,1
12,27,0,2
13,88,56,2
64,59,96,3
2,26,48,2
92,32,61,3
98,44,57,2
57,33,5,3
45,13,66,2
91,34,44,2
68,56,70,2
20,31,9,2
89,93,74,3
74,9,40,1
52,17,64,2
4,26,3,1
77,48,96,1
28,68,12,3
93,13,99,3
28,98,31,1
90,8,75,2
73,30,82,1
69,26,90,3
81,79,38,1
47,86,25,3
38,21,15,2
89,60,41,2
28,97,60,1
83,74,36,1
53,51,52,1
81,0,44,2
60,48,49,2
51,0,73,1
94,95,28,2
9,61,20,3
3,92,91,1
81,78,32,3
70,86,79,2
97,75,10,3
5,86,34,2
75,83,99,3
3,80,27,3
99,85,86,3
79,8,36,3
5,64,75,2
51,57,33,1
17,52,44,2
48,38,53,2
97,11,9,2
72,86,16,1
90,50,57,1
69,4,32,2
60,23,40,2
81,88,42,1
41,68,66,1
53,13,4,2
58,56,30,2
67,64,2,1
84,44,36,2
88,84,6,3
85,68,91,2
26,77,16,1
52,84,0,1
53,54,88,2
83,14,23,3
31,76,12,2
87,74,67,3
51,58,39,1
65,28,25,1
80,69,93,3
35,95,28,3
54,14,87,2
46,57,60,3
68,6,98,1
88,6,14,3
13,65,36,1
31,15,27,3
12,95,2,3
54,8,50,1
39,28,25,2
77,61,89,1
76,91,68,3
71,30,97,3
17,28,56,2
7,96,70,2
9,91,48,1
64,98,21,2
40,23,88,1
69,78,70,3
37,69,22,1
77,65,87,3
80,88,30,3
71,97,31,2
19,8,38,1
11,26,4,2
55,22,89,3
17,41,70,2
65,97,53,3
61,36,50,2
96,47,48,1
65,23,62,3
8,72,84,1
73,94,31,1
96,21,37,2
43,20,63,3
68,36,30,2
21,94,76,2
73,83,5,3
36,67,23,2
3,0,65,3
77,45,81,3
73,63,17,2
55,16,72,3
34,8,91,3
75,89,4,3
54,32,14,3
67,21,76,1
99,11,26,3
21,67,38,2
85,99,1,1
28,68,56,1
1,8,37,2
21,5,3,2
2,70,24,2
34,51,22,3
52,62,15,1
52,29,36,1
71,24,89,2
7,32,30,2
67,61,13,3
33,19,24,2
81,12,8,1
94,71,45,1
26,76,60,1
70,61,82,2
82,95,8,2
52,16,48,3
1,34,71,1
69,27,28,2
13,53,5,2
55,72,46,2
7,13,22,1
80,84,12,2
88,23,39,3
99,76,68,3
37,64,48,1
53,70,9,2
28,76,37,1
29,3,98,1
93,20,51,3
90,39,2,2
76,11,78,3
28,66,73,3
33,23,31,1
32,60,12,1
46,27,23,2
25,4,52,1
61,74,65,2
18,73,64,2
98,4,31,3
61,53,88,3
53,86,63,1
86,54,51,2
12,73,42,1
17,74,13,1
55,15,87,2
27,76,90,1
7,79,85,2
8,41,49,2
35,10,23,2
73,98,2,3
80,57,89,1
27,70,93,3
15,45,50,2
82,34,60,2
55,53,3,1
56,21,43,2
81,51,2,2
70,19,35,1
48,18,64,3
84,68,26,2
74,75,53,3
43,30,3,1
24,32,92,2
40,59,6,3
81,11,22,1
49,7,91,2
4,83,44,3
25,65,80,3
59,69,38,1
29,89,2,2
29,3,61,2
86,10,63,1
93,26,36,3
25,19,41,1
24,20,98,3
86,74,97,3
44,6,30,1
98,45,86,2
55,72,46,3
91,37,97,2
71,85,10,1
22,14,43,2
14,16,21,2
24,61,80,2
45,84,31,2
26,6,61,1
76,90,72,2
58,57,92,3
39,59,25,2
74,83,3,2
24,44,76,1
99,9,37,1
26,74,32,3
15,83,32,2
76,61,26,1
2,29,86,2
95,70,34,3
99,84,6,3
69,83,80,2
55,22,63,1
50,84,55,3
97,82,48,1
4,85,47,1
57,5,81,3
67,38,53,1
73,48,24,1
23,97,87,1
48,3,34,3
37,78,99,1
59,98,31,1
81,83,59,2
84,75,67,3
78,2,5,2
13,67,82,3
89,87,30,2
36,12,70,2
0,95,75,1
54,57,50,2
99,81,75,1
27,52,0,2
45,75,70,1
67,57,85,3
62,43,91,1
34,95,71,2
71,95,36,3
45,15,59,1
60,43,2,2
63,74,49,3
63,19,50,3
45,99,14,2
22,80,99,3
52,35,92,1
37,93,17,1
52,20,1,1
79,49,4,3
63,83,18,2
30,67,84,3
19,99,71,2
20,53,29,1
19,54,53,3
70,24,27,1
5,17,23,1
82,59,62,2
19,41,86,1
91,10,99,3
75,33,61,3
81,21,86,3
36,41,70,3
95,74,81,1
25,36,58,2
98,72,43,1
97,29,11,2
2,50,49,2
81,36,21,1
81,88,49,3
78,15,0,3
23,48,94,1
1,31,37,3
13,75,39,3
22,81,69,1
1,50,62,2
22,82,16,2
36,50,14,1
19,68,70,3
37,72,81,3
82,71,21,1
78,82,65,2
82,53,62,2
63,2,60,2
28,4,42,3
46,34,47,2
50,99,31,3
12,79,56,1
21,6,90,3
63,50,47,3
47,76,32,1
53,23,75,2
16,18,31,1
99,33,23,3
38,4,97,1
83,80,99,3
63,52,45,1
37,22,64,2
16,47,22,2
53,72,59,2
44,37,67,3
23,45,16,2
28,81,69,1
88,61,45,1
61,13,51,1
78,4,21,1
56,87,42,3
65,52,55,2
79,54,60,1
64,81,60,1
59,18,73,2
42,85,37,3
3,32,29,1
55,21,97,2
80,15,93,2
7,54,14,1
42,48,83,3
3,28,15,3
91,93,72,3
40,48,53,3
89,78,84,2
85,33,1,2
91,73,89,1
40,47,88,2
91,4,54,3
25,34,63,3
63,20,15,3
7,97,27,1
70,49,14,2
31,71,78,1
5,62,26,1
71,99,40,1
41,7,22,3
36,66,12,1
39,48,8,2
41,65,7,2
89,67,26,3
28,27,77,3
72,68,4,1
31,42,24,1
24,71,41,1
8,96,2,3
88,56,80,1
31,9,10,1
87,17,11,1
65,71,33,3
41,10,32,2
40,65,24,3
63,56,34,1
68,93,43,1
96,26,74,1
31,77,25,1
47,29,36,1
25,34,97,2
12,29,37,2
60,48,28,3
7,5,9,3
39,6,34,3
71,93,88,2
82,58,45,2
53,65,91,2
30,95,3,2
62,71,52,2
73,41,57,2
73,33,59,3
58,82,29,2
60,0,18,1
47,66,46,1
56,89,65,3
19,84,74,1
30,63,6,3
28,34,90,1
11,68,51,1
21,53,62,3
6,64,70,1
56,75,18,3
91,51,62,2
55,11,32,1
34,96,80,1
32,36,6,3
55,11,70,2
14,15,81,1
55,54,5,1
19,13,5,1
72,71,69,1
13,88,51,2
27,43,89,2
78,17,39,1
64,48,5,1
18,64,25,3
57,15,7,3
56,82,76,2
1,90,2,2
42,7,23,3
26,52,97,3
49,59,14,1
56,70,76,1
50,85,16,3
49,96,13,2
48,71,45,2
93,88,94,1
17,81,67,1
88,57,92,1
29,32,85,1
75,63,84,1
87,85,81,2
44,69,86,2
72,44,61,3
65,99,93,1
45,68,40,2
78,51,24,2
95,96,15,2
13,85,76,1
15,25,78,3
63,47,18,3
18,8,64,2
1,62,66,1
61,43,46,3
26,33,74,2
24,9,83,3
39,56,22,3
49,37,22,3
23,61,81,1
39,52,16,1
36,74,10,2
44,43,91,2
31,28,57,3
51,2,50,1
52,3,16,3
98,93,94,1
1,13,42,2
36,77,79,1
49,15,22,3
10,9,2,3
22,37,85,3
19,86,39,1
13,79,61,2
69,99,45,3
74,87,97,1
89,12,78,1
32,74,49,3
56,18,27,2
61,53,29,2
47,49,17,2
10,47,11,2
97,44,62,2
75,51,14,1
93,0,82,1
66,29,96,1
5,17,28,3
34,20,4,2
82,69,87,1
11,67,14,2
44,2,21,2
88,63,60,1
43,20,92,2
6,36,83,1
48,27,89,2
90,64,11,3
53,61,57,3
59,74,86,2
46,2,12,3
85,52,70,1
72,12,0,2
97,72,90,1
7,68,14,2
81,40,96,1
56,17,95,3
21,41,60,1
94,76,92,2
51,66,84,2
62,77,80,3
25,92,21,3
64,0,66,3
73,88,61,3
73,6,40,2
19,14,26,2
42,22,38,3
52,46,35,1
8,15,3,2
44,19,93,2
60,67,85,3
27,86,75,2
28,66,77,3
27,4,25,1
67,53,56,3
60,55,72,2
19,70,87,1
29,47,5,3
36,70,52,2
8,30,34,3
74,0,87,1
50,91,94,2
99,69,81,1
15,40,86,1
16,52,36,1
19,86,31,2
19,64,53,1
52,4,18,2
80,20,14,2
20,39,18,1
36,55,45,2
16,49,73,2
71,26,4,1
77,74,89,3
25,96,90,3
55,62,4,2
57,29,44,2
30,41,13,1
3,50,74,3
18,24,48,2
52,56,51,1
29,63,12,1
53,57,34,3
93,13,59,3
18,87,95,1
51,24,32,1
46,33,38,1
78,30,17,2
15,14,9,3
4,98,27,1
81,8,71,2
85,66,71,2
15,30,7,3
52,33,7,3
76,90,78,3
4,20,92,1
25,87,88,1
21,31,32,1
88,51,73,2
70,80,53,2
50,57,39,3
17,37,39,2
55,96,79,3
94,42,49,1
92,45,32,1
62,98,7,2
78,79,64,1
46,35,27,2
7,52,48,2
84,73,30,3
61,38,58,2
81,67,21,3
66,83,60,3
24,27,92,3
29,41,86,2
65,5,0,2
45,91,56,1
44,30,28,2
3,37,27,3
55,51,35,2
19,50,79,1
67,91,21,3
2,43,13,2
10,63,88,2
2,60,80,2
86,9,44,2
86,2,10,3
72,13,57,2
75,78,52,1
81,61,47,2
41,82,26,1
1,48,64,1
55,70,50,1
33,4,56,1
60,97,4,3
87,82,16,2
7,59,27,2
78,87,70,1
18,99,5,3
7,15,30,3
24,83,66,1
8,70,14,3
36,74,33,3
96,26,18,2
37,3,64,1
35,58,3,2
87,35,15,2
50,85,78,1
87,2,19,2
59,92,49,2
71,26,19,1
17,13,41,2
86,23,20,1
66,81,51,3
11,86,70,3
53,50,76,1
37,58,86,3
39,50,10,2
6,43,54,1
79,26,62,2
36,82,35,2
22,76,97,1
31,69,64,3
97,68,99,2
87,47,62,2
49,38,69,1
69,60,57,1
87,77,85,3
82,49,48,1
22,26,90,1
11,30,35,1
76,68,8,3
34,56,38,3
80,81,64,2
87,95,50,3
90,66,78,1
77,75,29,2
32,45,67,2
8,46,94,3
59,13,49,3
39,85,92,1
87,33,31,2
31,49,95,1
78,79,4,1
49,96,65,2
52,29,24,2
6,8,99,2
53,14,52,2
52,38,97,2
6,59,0,2
47,84,18,3
49,42,71,2
24,37,79,3
96,2,6,3
58,48,90,2
62,63,71,1
87,47,16,3
82,19,45,3
2,34,36,3
51,42,91,2
30,21,51,3
7,42,27,2
40,80,19,2
77,44,93,3
23,55,26,3
38,60,11,3
13,29,6,2
38,3,77,2
77,65,29,2
21,35,44,2
6,28,59,3
84,5,69,3
3,12,14,3
0,60,74,3
19,16,28,2
76,88,75,1
77,37,12,1
54,0,12,3
85,6,0,3
42,75,72,1
93,8,70,1
84,25,97,1
22,82,94,3
45,9,49,1
35,27,28,3
61,13,79,1
3,42,40,3
90,31,1,3
34,16,31,1
51,36,57,1
79,84,86,3
98,37,56,1
72,93,71,2
69,33,46,3
53,21,69,3
87,26,72,2
88,8,13,3
9,85,58,2
53,34,91,2
85,67,11,3
10,40,83,2
49,81,84,1
37,83,25,1
61,83,31,2
28,93,64,3
66,72,7,3
84,20,15,2
31,13,94,2
15,16,45,3
58,18,1,3
23,53,62,2
4,94,93,2
59,98,43,1
64,83,21,1
99,62,36,2
73,91,79,3
98,18,88,2
62,92,7,3
5,24,16,3
7,93,12,3
26,35,64,3
14,20,85,1
76,19,68,3
30,60,25,2
57,90,0,2
33,51,27,1
44,32,99,2
37,89,73,1
25,30,78,1
77,94,89,2
85,83,50,1
3,24,28,2
41,90,34,1
44,22,26,2
46,27,9,3
25,53,46,1
17,34,54,2
39,89,42,2
96,21,51,1
70,94,51,2
6,82,63,3
95,33,43,3
28,17,53,1
14,68,75,2
65,30,53,3
21,53,8,1
4,52,95,2
60,71,38,1
95,24,61,1
40,12,61,2
94,27,89,3
28,98,92,3
96,66,99,2
9,91,51,3
12,62,33,3
8,43,32,3
65,71,56,3
35,47,59,2
28,12,51,1
53,93,19,3
17,33,93,3
36,51,29,1
89,17,18,3
89,11,51,2
66,89,81,2
80,40,29,2
29,95,41,3
34,43,13,3
32,59,56,3
96,70,32,2
3,75,62,2
45,53,40,1
74,86,75,2
99,17,34,3
12,25,81,1
5,32,93,1
77,69,66,3
94,20,35,1
74,47,65,3
80,59,76,3
34,21,33,2
42,40,16,3
58,93,27,2
62,78,43,1
21,75,31,3
21,0,89,3
11,21,56,1
45,38,8,1
98,10,65,1
27,36,65,2
73,79,74,1
76,22,78,2
59,66,93,3
46,78,44,1
86,4,16,2
58,37,69,3
49,26,67,2
87,62,72,1
50,34,65,2
46,84,45,2
34,42,55,1
3,74,22,1
40,49,61,3
40,66,6,3
62,26,85,1
64,43,23,2
60,42,75,1
7,64,46,1
78,87,97,3
38,19,70,1
36,25,80,3
6,95,59,1
89,96,64,3
52,84,56,3
72,40,67,1
82,62,41,1
68,38,22,2
55,12,73,3
74,20,28,2
21,38,26,2
5,79,78,3
48,69,30,2
45,53,62,1
29,34,63,2
44,80,50,2
72,44,49,2
80,0,38,2
12,74,25,2
54,62,28,1
64,80,49,2
36,84,89,2
8,99,92,1
52,46,94,3
61,34,97,1
17,43,69,1
94,55,61,2
26,10,8,2
75,51,47,2
4,93,32,3
40,60,18,2
68,47,16,1
8,22,71,2
49,81,23,1
62,84,28,2
72,79,10,2
53,66,21,1
18,68,70,1
22,26,73,2
73,62,4,3
55,36,41,2
18,91,95,1
46,51,76,3
60,3,71,3
11,81,1,1
97,81,86,3
70,93,14,1
26,16,11,1
52,4,86,1
16,81,36,1
4,9,14,3
16,37,17,1
78,38,86,1
46,12,4,3
6,26,18,3
3,52,30,2
34,64,75,3
84,50,47,2
73,49,41,3
79,2,56,2
18,20,49,2
4,28,89,1
71,3,8,1
7,67,33,3
83,16,57,2
32,88,4,1
95,37,91,2
79,92,68,3
7,69,74,1
56,46,79,3
31,3,32,1
83,54,2,2
43,24,70,2
27,44,86,1
92,0,69,3
11,99,31,2
54,20,44,1
23,40,66,2
14,47,52,2
38,28,0,3
72,89,93,1
54,21,82,1
1,90,34,2
94,17,41,2
70,85,56,1
51,20,69,3
90,60,53,3
61,55,93,2
75,49,9,2
81,60,19,1
91,11,77,3
43,32,91,1
40,31,24,1
32,4,82,3
21,42,36,2
83,21,82,3
94,62,26,1
39,38,67,3
74,29,42,2
26,58,54,2
83,64,59,2
39,0,19,1
55,69,50,2
0,21,9,3
5,41,33,2
46,43,45,1
22,9,3,3
63,43,76,2
72,61,79,1
80,38,71,3
2,50,4,3
73,28,66,2
24,72,78,1
24,97,94,2
25,41,62,3
32,76,47,2
20,30,21,3
15,27,73,2
17,82,57,2
6,18,31,2
50,48,76,3
16,74,49,3
0,51,88,1
97,92,45,2
36,45,92,1
86,75,32,1
66,42,69,3
12,87,59,2
67,16,65,3
22,87,89,1
60,14,65,3
56,51,15,3
57,27,79,3
71,65,56,1
5,23,85,2
83,37,34,1
94,19,63,3
99,42,1,2
81,57,49,2
8,51,83,1
2,66,40,2
18,4,94,1
96,38,3,2
21,5,86,1
94,56,21,3
24,39,35,2
66,36,95,3
19,50,80,3
71,69,46,2
50,72,98,1
8,5,55,1
49,87,93,1
17,10,83,3
1,35,99,3
30,95,11,3
3,29,53,2
11,31,72,3
8,11,77,1
77,14,85,1
24,74,17,2
65,70,16,1
55,61,91,2
5,84,58,1
77,0,70,1
63,58,85,1
12,96,48,1
46,79,61,2
88,41,72,3
78,7,0,3
69,47,93,3
5,18,30,2
94,91,62,3
47,93,91,1
51,94,98,2
70,44,79,3
8,16,83,2
86,66,61,1
34,87,5,1
75,37,78,3
32,22,5,3
1,50,46,1
5,0,28,2
32,64,42,3
97,95,57,2
5,32,69,3
94,22,11,1
45,69,85,2
85,93,23,2
75,41,99,3
16,6,1,2
10,48,72,2
44,24,91,1
15,29,89,1
80,8,74,1
67,37,60,2
94,65,20,1
87,7,63,2
29,30,63,1
45,20,41,1
70,1,12,3
98,66,42,1
72,2,36,3
33,94,96,2
8,66,19,3
47,72,32,3
90,59,26,2
18,29,39,1
43,34,65,2
20,90,26,1
42,7,46,2
31,45,26,3
69,92,89,3
96,28,74,1
3,39,5,1
66,37,75,3
6,37,5,2
96,98,80,2
7,78,5,3
49,93,98,3
55,66,67,2
71,68,40,2
57,35,81,3
17,67,33,3
10,83,55,1
84,96,8,1
49,87,51,1
85,43,17,2
45,57,36,1
0,48,33,1
2,86,48,1
85,84,57,1
17,70,54,2
58,6,11,3
10,5,82,2
35,50,21,3
7,97,9,3
16,78,61,2
99,44,4,3
89,12,68,2
76,87,27,3
36,48,28,1
75,28,94,3
23,55,35,3
78,85,95,1
68,97,49,3
73,87,77,3
15,69,40,3
85,61,46,1
95,6,96,3
15,38,50,1
52,1,9,1
20,35,6,1
16,3,74,3
7,46,47,2
80,12,62,3
30,16,79,3
72,89,31,1
99,8,2,3
58,7,14,2
57,50,76,3
77,44,83,1
87,23,15,1
75,24,37,2
35,24,2,2
29,82,61,3
78,87,37,3
53,92,54,1
18,24,41,1
39,9,42,3
21,71,6,2
89,41,21,3
51,32,65,3
31,7,35,3
40,45,18,1
82,8,16,2
80,54,71,3
91,82,78,2
16,97,8,3
68,78,22,1
38,63,34,1
89,2,54,2
99,72,25,3
17,28,23,1
46,33,4,3
62,18,69,3
36,59,92,3
43,98,13,2
28,58,37,1
34,48,55,2
43,7,30,1
3,8,58,2
66,46,52,1
67,87,4,1
31,53,80,1
50,76,28,1
53,30,62,3
97,45,19,2
38,49,77,1
83,46,92,2
35,82,27,1
16,54,42,1
6,93,44,1
68,78,41,2
26,12,24,3
79,33,8,3
90,1,56,3
99,20,18,1
63,57,71,1
74,62,76,1
0,30,50,3
1,4,97,1
74,35,44,1
38,47,56,2
99,74,24,3
84,99,33,1
31,79,47,2
18,74,22,2
19,74,90,3
41,88,17,3
61,7,70,3
68,42,46,1
86,98,79,1
94,70,23,3
68,6,9,2
83,87,84,1
37,66,24,2
18,56,31,1
31,33,49,2
64,72,80,3
63,33,16,3
92,26,66,1
66,40,78,3
45,61,28,2
36,71,51,1
14,7,6,3
9,23,10,1
6,51,79,2
99,35,58,1
17,87,19,3
58,46,77,2
89,30,40,3
36,94,71,2
98,18,13,1
82,8,60,1
54,33,96,3
23,38,29,3
61,6,2,3
44,39,67,3
43,23,66,2
73,72,78,1
4,44,47,3
50,64,38,2
82,6,45,3
69,7,90,2
85,97,17,1
28,15,71,1
85,40,44,1
95,42,13,2
40,51,43,2
47,27,76,1
56,55,48,2
37,55,87,3
18,14,13,2
88,61,27,2
70,88,69,2
67,36,20,2
86,67,47,2
22,40,51,1
84,0,15,2
45,65,51,3
21,49,40,2
89,65,84,2
31,83,16,1
82,70,22,3
8,29,51,1
88,36,76,1
13,58,7,1
0,41,7,2
15,77,30,1
49,84,97,1
97,83,43,1
67,96,61,2
73,48,2,1
9,11,88,2
90,36,97,2
22,6,69,3
50,16,96,1
3,37,19,1
85,46,74,2
86,57,30,2
36,4,38,1
38,21,32,1
32,5,55,3
2,71,24,2
30,9,49,2
63,87,5,1
73,95,85,2
96,86,40,3
16,14,6,2
95,60,59,3
98,87,49,3
66,88,46,3
88,94,1,3
53,97,24,1
74,8,37,3
32,43,66,2
9,92,24,3
83,74,40,1
98,72,6,3
54,21,90,2
44,29,90,1
18,32,46,1
10,56,27,1
73,71,80,3
84,52,44,3
81,97,39,1
43,61,54,3
79,71,20,3
36,1,92,3
4,22,12,2
45,81,22,3
59,58,38,3
47,82,39,3
11,98,2,1
6,91,1,1
90,28,62,3
70,14,80,1
64,71,84,1
24,41,83,2
49,40,79,2
42,27,60,2
82,90,38,3
8,39,68,3
91,64,40,2
75,78,57,1
56,10,63,1
35,77,91,2
83,29,62,3
23,48,77,2
21,30,49,3
11,87,92,3
45,83,48,3
30,90,9,2
29,82,14,1
15,59,37,2
79,91,72,2
7,26,79,2
75,66,23,2
7,5,15,1
91,79,57,3
33,69,47,1
3,86,8,1
35,67,85,3
54,41,26,1
38,99,78,1
59,3,68,1
17,79,3,1
56,64,35,1
47,22,10,1
90,54,17,2
8,92,97,2
99,4,18,1
90,19,82,3
49,62,81,2
79,81,3,1
77,39,85,2
16,32,5,2
45,33,20,1
67,93,59,1
60,37,29,2
97,64,67,3
95,9,70,2
97,1,3,1
70,3,90,1
36,37,14,3
85,96,67,2
61,34,46,1
67,98,46,3
66,30,69,1
77,66,1,2
9,81,4,3
87,45,35,3
65,24,43,3
70,18,79,2
59,37,28,2
23,51,30,1
17,30,51,3
42,3,74,1
98,7,54,2
14,44,89,2
90,36,16,1
88,79,50,2
33,23,74,1
56,68,27,3
84,77,25,2
81,76,92,2
97,68,49,3
55,39,90,3
86,48,93,1
68,44,37,1
93,11,10,3
25,24,23,1
97,11,20,2
99,66,69,1
46,25,97,2
95,54,89,2
15,84,51,1
17,51,25,2
71,58,85,3
25,98,66,1
64,49,55,2
29,10,23,2
49,8,29,2
36,57,25,2
77,18,50,1
13,79,90,3
37,6,72,3
86,2,17,2
3,7,32,3
8,89,73,3
73,37,39,3
14,62,1,3
48,61,52,2
79,87,3,2
79,83,21,3
77,6,73,3
0,89,88,3
77,37,53,2
28,57,71,3
82,1,64,1
67,11,63,1
91,39,46,2
27,4,84,1
28,55,85,2
18,87,84,1
69,89,10,1
84,98,52,3
8,58,38,3
78,94,37,2
40,45,58,2
94,30,49,3
73,54,90,3
80,81,23,3
30,7,17,3
78,46,14,3
95,53,55,1
35,37,25,2
78,41,3,1
55,73,95,3
32,19,37,3
48,9,21,3
51,56,62,1
14,23,59,1
98,80,50,3
63,43,34,3
30,19,53,3
2,37,14,3
85,72,8,3
55,70,80,1
3,97,29,3
86,17,89,2
13,52,10,3
3,17,87,1
75,73,17,1
44,15,90,1
68,18,32,2
22,5,54,3
84,61,62,3
16,57,40,1
3,43,73,1
93,59,96,3
1,0,51,2
63,22,54,2
96,4,23,3
86,96,87,1
13,71,89,3
36,39,12,1
19,11,71,3
38,50,40,2
86,90,54,1
19,29,85,1
9,3,34,2
83,63,93,3
35,33,15,1
17,43,73,2
96,92,26,3
1,2,40,2
9,66,65,3
32,92,15,2
64,57,44,2
3,31,87,2
80,12,22,2
90,14,18,3
3,87,73,2
24,54,62,3
65,59,77,1
90,22,8,3
7,95,13,1
31,83,18,2
30,0,24,3
6,92,93,2
47,85,72,3
34,44,37,3
54,27,65,1
26,31,50,1
8,89,1,3
28,39,73,1
79,46,24,1
36,47,91,1
81,22,6,1
51,75,86,3
44,62,83,2
82,20,81,1
14,98,87,1
42,35,24,3
65,7,67,1
9,6,70,1
55,45,0,2
40,72,28,3
45,80,6,1
21,39,31,2
55,19,87,2
19,95,99,1
69,1,28,1
92,79,99,2
23,92,55,2
77,58,70,3
43,26,88,1
80,74,36,2
66,58,55,1
3,38,25,1
53,32,9,3
21,49,26,1
98,27,64,1
70,93,25,2
63,54,29,1
3,34,1,3
59,71,23,1
15,87,49,1
40,85,6,1
5,71,50,1
60,96,92,3
10,89,92,1
33,95,15,2
19,18,70,2
90,63,98,3
9,52,61,1
73,55,62,3
56,84,86,2
61,66,20,1
77,56,60,3
66,50,65,2
13,47,33,1
28,79,40,3
77,15,21,1
20,68,58,3
86,27,75,1
34,21,0,3
2,43,79,2
68,21,34,2
13,74,14,3
61,98,19,3
50,0,76,3
95,75,24,3
34,73,66,3
82,50,30,2
30,20,78,1
46,99,7,1
44,21,97,3
4,73,96,3
6,94,17,2
6,77,86,1
68,86,41,2
70,74,4,3
17,7,37,3
5,54,12,3
50,41,66,1
67,82,55,1
30,24,56,1
1,80,27,1
31,83,63,2
73,69,14,2
75,5,71,3
71,54,36,3
98,77,48,2
55,3,44,1
47,21,86,1
58,77,1,2
25,24,85,2
44,3,79,2
98,88,34,2
41,0,54,3
55,43,68,2
19,17,0,2
63,29,0,2
19,37,91,2
28,17,93,2
29,5,20,1
37,93,7,1
63,4,3,1
69,40,89,3
29,81,73,3
19,29,75,3
39,53,23,1
64,89,34,3
93,90,48,2
31,29,58,1
34,59,60,1
84,37,13,1
70,15,6,2
69,14,45,3
85,38,32,3
28,91,98,2
65,22,4,1
2,50,72,3
89,60,44,3
92,45,76,2
14,96,81,2
46,80,39,1
64,99,29,2
94,7,91,3
86,71,23,1
31,9,54,2
37,3,15,2
11,52,1,2
70,46,47,2
41,20,67,3
88,9,62,1
1,70,52,2
2,25,85,3
25,18,23,1
29,54,75,3
68,64,70,2
54,45,96,3
83,67,52,1
66,89,47,2
32,65,3,2
28,19,65,2
11,39,21,1
30,83,66,3
37,65,57,2
71,97,31,2
42,22,29,3
90,75,83,3
75,62,35,2
91,82,43,1
70,14,45,2
34,20,25,1
24,32,10,1
77,45,60,1
23,29,67,2
39,70,91,2
60,54,76,1
19,88,20,2
60,70,53,3
69,2,70,3
95,50,64,2
32,48,80,1
82,1,62,2
64,79,78,3
15,32,80,1
58,50,9,2
54,41,94,1
82,30,71,3
10,93,43,1
73,65,19,1
96,75,36,2
93,43,83,1
13,54,6,2
55,81,45,3
77,80,79,3
8,65,26,2
93,35,58,1
38,99,91,1
7,27,5,3
88,57,53,1
8,97,54,2
23,4,15,3
71,52,68,1
19,50,25,2
39,62,36,3
19,59,58,1
24,52,67,3
38,85,20,1
10,59,79,3
91,38,9,3
58,18,50,3
79,78,25,1
29,44,32,2
49,93,94,3
49,24,1,1
70,22,18,1
1,40,71,3
28,51,22,2
29,27,63,2
49,79,12,2
99,92,8,2
28,9,81,1
41,89,6,1
87,41,33,3
83,87,60,2
37,13,20,1
15,24,29,3
35,80,48,1
91,64,69,3
26,51,64,3
35,26,92,2
31,99,22,2
93,73,17,3
69,28,72,3
67,17,19,3
51,14,46,1
73,35,95,1
71,0,48,1
40,86,38,3
10,39,36,3
99,35,34,1
95,77,57,3
58,21,41,3
35,71,43,1
32,9,21,2
64,66,82,2
67,70,53,3
1,45,67,2
87,23,50,2
70,57,73,3
41,88,36,1
53,37,9,3
86,92,97,3
77,25,93,3
26,69,92,2
29,14,23,1
78,58,71,1
71,29,88,1
5,24,63,3
66,25,89,2
93,37,78,3
65,84,86,2
98,60,2,1
56,0,33,3
94,93,26,3
47,61,42,2
17,39,6,2
13,30,17,1
37,52,2,1
2,11,83,3
69,29,58,3
51,68,52,2
92,64,55,1
34,80,22,2
79,37,56,2
63,80,44,2
35,45,9,3
42,63,16,1
41,27,8,3
55,16,3,3
20,93,85,3
26,78,19,2
59,2,60,1
98,70,38,3
18,75,7,2
51,38,33,2
28,27,22,2
98,74,32,1
70,45,39,1
12,11,18,1
25,15,96,3
1,45,35,3
88,44,30,2
56,53,6,3
41,36,91,2
14,87,67,3
94,12,61,3
17,49,65,3
90,96,91,1
41,70,66,3
3,59,93,2
14,97,45,3
83,25,12,2
28,74,30,2
80,74,37,2
12,23,61,1
29,13,80,2
75,77,28,3
96,27,53,2
20,39,63,3
65,32,92,2
89,6,79,2
31,1,25,2
23,20,39,3
46,38,88,2
92,35,48,1
43,34,24,2
82,78,23,2
85,53,33,2
55,41,31,1
8,22,74,1
26,81,33,2
98,5,56,2
86,40,70,2
84,60,34,2
98,31,44,1
50,18,5,1
62,57,83,1
82,31,47,1
59,32,13,1
76,12,43,3
32,15,40,3
46,69,37,3
68,69,89,3
46,74,71,3
66,42,45,3
64,6,61,2
4,13,67,2
42,46,38,1
45,78,90,2
60,98,38,1
54,21,55,2
64,55,35,1
42,32,75,2
94,95,85,1
90,6,44,1
84,77,43,2
12,59,11,2
49,41,35,3
70,93,43,3
60,10,58,1
11,67,28,2
0,71,97,2
9,50,14,2
94,54,95,2
15,91,43,2
13,0,80,2
70,49,23,1
61,15,73,3
24,9,38,1
51,22,64,2
18,33,87,1
9,6,85,2
30,60,74,2
84,18,16,3
25,62,66,1
8,14,16,2
99,79,23,1
59,60,49,1
32,26,62,3
76,61,93,1
40,13,41,2
27,59,24,1
59,75,35,2
88,46,80,3
29,58,74,2
48,74,6,1
51,75,96,3
49,15,4,1
74,91,31,1
60,2,27,1
6,59,13,1
27,33,85,1
18,84,89,1
63,23,73,3
70,61,8,3
45,83,8,1
93,48,79,3
81,76,21,1
6,48,92,2
44,71,3,1
85,28,32,3
19,52,74,2
31,32,90,1
74,63,97,3
90,48,93,3
9,82,62,3
29,53,70,1
28,19,17,2
57,95,81,1
28,72,99,1
42,82,36,1
36,82,72,2
25,92,6,1
9,37,8,1
22,52,57,3
73,12,79,2
75,90,31,1
19,44,26,3
20,76,91,1
44,57,64,3
8,37,74,3
59,32,52,3
70,14,24,1
96,39,51,3
8,55,29,2
14,68,15,2
51,74,84,1
37,30,95,2
21,38,63,1
19,65,30,2
20,67,37,1
73,96,5,3
62,87,11,1
83,80,25,2
23,70,64,2
55,12,72,2
69,37,42,2
3,68,63,1
23,64,86,3
16,8,26,1
20,30,40,2
37,6,71,3
80,30,0,1
69,22,14,3
51,25,80,3
68,89,45,2
63,49,57,3
28,23,37,1
10,15,89,3
48,59,82,1
61,88,32,2
54,29,33,3
24,64,57,1
76,67,63,1
80,73,4,1
89,74,10,2
55,40,34,3
93,48,79,3
75,81,88,2
74,71,30,3
24,20,89,1
44,90,75,2
56,65,23,2
65,31,47,2
24,13,48,1
93,89,7,2
11,42,9,3
93,78,60,2
44,55,75,3
3,98,97,1
32,45,35,2
19,33,96,3
34,12,83,3
98,11,33,3
21,20,42,2
3,75,55,1
93,51,38,3
60,55,19,3
14,32,77,3
35,97,87,3
95,87,20,2
71,88,54,3
71,39,12,1
11,72,34,3
42,11,54,3
38,9,53,1
2,98,85,3
70,10,2,1
45,5,65,3
97,17,23,3
25,71,46,2
93,73,27,3
88,24,62,3
92,31,9,3
91,69,75,2
82,62,5,3
49,64,95,2
30,70,91,3
43,70,0,3
68,60,11,2
27,34,53,3
25,21,53,1
59,56,83,3
74,55,78,1
28,53,54,3
69,26,23,2
19,65,70,2
43,93,58,1
34,50,98,1
16,64,31,3
60,26,5,2
44,31,27,3
62,56,50,1
79,99,63,2
61,24,9,1
45,2,48,3
57,93,48,3
83,26,81,1
75,65,72,1
85,98,92,2
46,6,17,1
56,27,36,1
78,42,69,3
73,90,6,2
57,23,89,1
31,18,35,3
8,95,27,3
67,92,59,2
76,93,74,2
79,52,53,3
77,53,5,3
78,80,14,3
78,94,14,3
53,6,89,2
98,93,59,3
6,17,42,2
8,96,97,2
92,27,44,3
6,82,79,2
19,39,82,2
87,61,37,2
18,90,48,2
98,28,59,3
54,96,18,1
17,86,33,3
66,72,23,1
14,2,10,3
53,26,18,1
